225
17 13 17 22 14 16 8 22 7 13 4 9 16 6 11 7 11 13
10 23 14 20 20 28 11 24 30 29 27
15 23 12 18 13 16 19 25 15 25 7 13 18 19 22 11
15 14 17 20 23 7 19 14 10 14 16 10 22 16 9 8
16 14 9 6 18 22 13 13 18 23 6 20 18 10 19 8 21
15 15 21 20 15 7 23 21 11 10 17 24 14 9 11 8
12 15 25 26 27 13 10 26 20 17 26 27 26
17 18 8 13 15 9 19 19 22 6 23 12 16 4 21 18 12 19
18 16 13 9 5 5 8 5 15 10 4 18 15 14 4 13 14 21 20
16 15 5 24 20 11 17 23 20 24 19 8 14 5 10 11 8
16 18 15 23 19 5 9 11 19 11 19 8 23 9 15 15 24
13 15 13 25 20 27 15 13 24 13 11 8 12 16
15 21 11 20 8 17 25 18 10 21 24 22 18 21 17 19
19 19 15 9 7 12 4 13 10 19 3 7 17 10 17 18 9 21 16 13
16 6 17 5 19 9 20 14 12 20 18 14 5 20 20 11 8
12 25 17 18 20 13 27 17 26 20 18 12 20
11 24 29 25 19 10 19 13 24 10 27 15
17 9 4 20 8 21 12 8 14 14 20 16 18 21 8 5 12 9
18 22 12 12 16 6 10 10 16 5 8 19 16 7 13 9 3 7 13
15 22 24 21 19 23 22 24 12 23 17 24 20 25 23 19
11 10 12 23 27 21 18 19 23 27 14 28
10 25 11 26 18 11 21 26 17 18 29
10 17 26 28 24 25 24 11 25 29 28
15 15 21 9 8 23 9 25 13 13 15 21 9 19 9 14
15 24 25 12 16 10 18 19 9 23 6 16 17 6 9 6
10 24 29 14 27 21 25 11 30 23 25
19 4 11 13 12 21 5 12 2 5 12 13 11 20 8 21 12 3 18 6
14 25 23 18 11 7 25 18 7 10 18 8 12 7 25
14 16 20 7 12 19 10 15 24 15 17 11 22 24 18
10 17 21 24 24 16 11 13 14 23 18
11 20 10 29 17 21 17 24 15 11 27 18
12 24 23 14 22 9 20 28 23 14 18 22 18
16 21 9 5 23 17 5 21 5 12 17 24 23 6 16 21 16
11 18 21 11 15 10 10 28 23 17 20 21
13 22 21 15 15 23 19 10 24 14 23 12 9 25
11 13 14 18 26 11 25 20 26 15 23 11
10 22 20 16 18 27 19 16 15 18 20
16 11 21 11 12 5 9 16 15 23 16 9 23 23 19 10 12
19 20 16 7 20 10 11 16 9 2 16 2 18 17 5 10 7 13 14 6
16 22 20 10 15 20 17 15 12 22 24 12 20 18 24 14 9
19 3 7 11 20 15 2 11 12 19 8 20 5 20 18 3 21 18 9 10
19 9 17 17 14 6 11 6 16 9 21 17 7 18 3 7 21 13 5 20
18 22 7 6 22 8 14 10 7 8 4 17 9 13 6 15 15 4 17
17 21 4 13 9 11 6 23 21 20 12 6 13 23 12 7 21 5
12 15 10 26 25 24 19 23 24 10 21 22 16
12 13 20 27 21 25 19 12 28 23 28 15 24
11 13 22 16 29 20 20 13 19 15 13 21
11 22 26 29 21 29 20 26 21 27 23 18
17 14 7 20 13 15 18 15 8 10 15 14 6 8 14 8 17 5
17 23 8 21 14 5 5 9 6 16 16 18 23 11 21 6 14 23
10 28 12 27 11 30 23 30 27 21 23
18 17 7 21 13 4 18 4 14 4 8 4 20 13 11 8 16 20 12
16 8 6 20 23 5 14 7 19 8 8 14 15 20 20 9 19
13 26 20 20 24 22 8 8 18 16 9 15 24 15
11 24 18 21 18 25 23 21 19 23 29 21
10 15 30 21 21 11 24 13 29 13 15
18 16 18 3 3 19 10 13 10 6 16 15 4 7 3 3 21 20 6
18 17 8 5 12 13 12 21 13 18 6 18 8 17 18 4 14 9 14
19 5 16 19 21 20 2 19 7 20 6 4 17 2 9 2 9 8 10 4
13 17 18 11 26 21 9 18 8 26 8 22 15 24
11 16 21 14 29 26 14 22 18 24 24 29
18 14 13 6 10 7 6 17 11 4 15 11 6 22 22 22 19 4 10
13 27 16 12 8 14 11 22 24 17 15 22 27 12
11 19 16 17 20 19 17 23 11 25 26 24
15 17 18 14 24 16 13 23 15 12 16 17 18 9 18 7
11 20 11 23 18 20 10 29 24 22 24 20
12 28 26 28 21 21 12 10 22 11 10 25 27
11 10 26 10 14 29 19 14 25 20 26 29
10 29 19 23 19 11 13 11 20 16 14
15 25 24 25 7 8 14 20 6 7 16 14 17 10 15 21
19 12 14 5 7 21 12 13 5 8 11 12 16 12 14 6 6 3 21 2
12 10 14 23 18 19 11 9 22 17 11 10 15
18 6 5 22 20 16 7 21 19 14 4 18 19 12 11 3 5 15 19
17 10 15 16 15 7 20 9 11 17 10 17 16 9 4 17 21 17
15 25 17 24 20 6 24 15 21 24 18 19 8 22 22 12
13 12 12 20 27 10 16 27 10 13 24 15 20 16
10 21 29 23 16 19 11 14 23 14 14
12 10 18 10 15 22 18 20 26 28 15 25 25
14 21 21 22 24 13 24 24 7 19 18 18 21 10 24
14 11 20 17 14 26 16 16 11 11 18 19 26 21 14
13 8 27 18 21 19 9 13 21 17 24 21 9 26
11 13 10 18 17 16 22 29 11 14 21 22
15 16 20 8 22 23 12 19 10 17 25 21 15 14 14 24
17 7 22 12 13 10 12 10 23 19 13 20 12 20 23 8 21 20
18 14 6 21 3 11 4 14 21 20 9 4 21 11 6 18 9 11 11
19 21 5 19 14 15 20 15 17 13 17 6 4 14 21 13 17 10 10 12
14 17 25 12 12 26 22 14 14 10 24 13 21 10 22
14 22 23 26 11 20 13 20 11 14 21 17 14 12 17
12 14 23 21 10 14 20 15 9 9 21 12 19
15 6 11 13 10 14 6 12 6 21 25 8 14 9 23 22
12 18 27 14 18 11 24 14 28 20 10 23 23
12 15 12 15 28 10 19 13 24 27 11 20 25
10 19 15 18 19 22 28 11 25 27 30
15 19 8 25 20 7 12 22 16 8 19 19 21 14 17 24
11 21 23 10 27 22 13 25 18 23 25 26
11 17 19 22 24 18 13 29 16 24 17 27
13 9 15 22 17 24 27 26 18 11 14 24 13 12
12 12 10 21 20 11 24 25 23 17 9 20 19
15 20 18 22 23 15 11 25 7 16 14 15 25 13 25 12
19 2 17 19 4 4 2 3 7 12 7 18 16 7 4 15 2 18 16 19
11 11 28 15 22 10 21 11 12 14 25 25
12 12 11 22 10 10 28 27 9 18 24 11 13
12 22 24 17 13 24 20 10 19 13 20 25 10
14 12 9 20 10 23 25 21 15 10 26 9 10 17 26
12 26 21 11 26 28 22 19 28 19 20 24 27
12 14 19 11 17 12 28 18 22 19 20 14 11
17 17 23 20 8 13 6 7 19 13 21 6 8 16 18 10 11 19
19 14 8 4 11 8 11 21 20 12 5 8 5 9 7 20 9 19 13 18
11 13 24 13 22 12 21 21 21 12 23 23
10 11 15 26 18 21 12 29 17 24 11
19 18 4 20 16 8 8 14 17 3 19 3 20 16 2 19 9 13 4 14
17 8 21 9 11 7 22 23 7 21 5 9 21 9 21 16 8 8
19 21 18 2 13 8 4 15 17 11 3 11 13 18 5 18 6 12 20 13
19 17 7 3 9 19 10 2 6 16 17 5 11 8 7 5 19 14 3 20
14 9 18 7 13 17 10 14 15 11 24 16 12 20 10
16 5 13 24 22 19 10 14 12 10 12 19 20 13 22 14 20
19 8 8 20 7 4 20 15 21 5 5 5 21 3 16 16 17 4 18 21
15 16 19 16 18 14 9 7 13 14 12 24 12 13 20 16
10 29 28 17 15 27 14 28 29 25 27
18 15 16 3 7 7 16 16 5 22 20 12 10 14 16 16 22 3 17
17 8 15 22 4 12 22 5 21 16 17 4 20 4 18 12 14 7
19 16 7 13 13 12 19 12 16 7 3 16 14 16 12 8 9 3 7 11
11 15 10 20 25 19 24 13 24 24 24 24
13 23 25 25 15 10 22 20 27 27 11 25 18 18
16 21 17 20 23 21 6 9 12 23 5 17 12 20 6 11 19
10 26 29 30 23 14 23 17 19 24 17
16 11 18 6 21 17 6 14 22 9 7 5 17 20 5 17 16
12 22 26 26 15 14 10 28 18 16 28 19 25
15 7 13 25 23 19 11 15 8 14 19 25 14 13 10 17
17 10 4 16 5 14 22 21 13 18 11 16 23 21 14 15 8 8
10 26 30 28 26 26 15 11 29 28 14
17 18 12 11 19 17 6 21 20 6 6 6 12 4 9 14 10 5
19 2 4 19 17 14 16 17 12 13 5 13 9 13 12 11 9 16 10 5
18 14 15 22 19 8 5 6 12 22 17 9 10 15 3 9 4 8 7
16 19 22 20 20 11 9 16 16 5 21 24 22 22 14 8 7
15 25 25 6 18 14 19 22 22 19 23 19 9 14 20 12
13 18 9 14 13 17 13 26 13 27 9 22 8 24
12 22 22 24 10 24 11 17 14 21 19 20 9
13 15 27 18 9 27 10 27 24 17 9 24 18 9
10 13 22 16 21 25 28 24 26 19 12
16 18 23 11 15 17 11 24 15 17 16 17 6 12 24 13 22
16 7 23 8 13 19 14 21 8 7 8 11 24 20 19 7 16
17 15 23 18 11 20 20 20 11 17 8 21 4 21 4 20 17 17
15 16 8 12 12 14 13 19 23 22 21 10 12 14 19 7
17 15 20 18 18 13 19 23 22 18 4 11 7 6 19 5 15 4
12 18 19 12 14 27 23 27 13 10 9 19 27
15 24 20 13 8 14 6 8 11 20 6 12 9 6 16 21
12 11 19 27 11 24 24 26 23 16 23 9 19
16 11 6 8 17 20 23 20 5 20 11 22 10 22 20 8 20
16 8 7 12 16 24 10 16 22 11 15 20 21 6 16 10 11
19 12 6 19 4 15 15 2 5 5 16 4 19 5 3 19 11 9 8 13
14 9 17 17 21 13 26 24 10 26 20 19 26 11 15
13 17 13 13 15 8 15 25 27 16 11 8 27 15
11 18 15 10 14 22 26 20 29 19 18 19
12 21 27 16 10 11 25 18 14 17 14 17 22
17 9 18 18 19 14 7 23 22 23 23 9 7 12 8 21 21 15
12 27 26 13 11 25 24 22 19 21 19 19 22
13 16 16 21 10 19 8 13 23 9 12 22 15 16
18 8 11 21 17 6 4 15 7 18 12 19 7 21 10 18 10 6 19
13 24 25 14 10 25 10 24 11 9 9 22 16 12
15 13 9 23 11 19 22 24 17 13 16 6 18 12 15 13
14 24 12 25 13 12 24 12 14 26 18 8 26 8 12
15 20 19 10 9 15 7 18 6 19 15 18 6 25 20 6
16 14 9 23 13 11 11 7 19 23 6 12 20 12 6 14 23
15 11 7 7 18 18 25 20 9 20 17 22 10 9 20 19
11 14 18 29 15 22 22 22 25 19 23 13
10 20 16 15 20 22 20 14 19 16 18
10 11 20 14 24 17 16 11 16 13 25
11 13 23 13 28 13 11 21 27 19 27 19
12 18 9 20 14 20 22 25 19 13 12 17 11
10 27 16 28 23 23 11 27 11 12 29
15 25 9 9 7 24 8 13 18 17 7 21 23 15 13 17
16 5 21 17 6 24 16 9 15 18 15 13 10 5 22 10 22
19 21 4 5 9 21 11 19 11 21 20 20 7 17 19 17 11 6 17 8
12 25 9 27 28 20 13 14 9 26 27 23 24
18 4 11 8 15 18 14 13 3 5 13 5 13 4 3 18 3 7 9
15 14 23 10 15 19 10 22 10 7 7 11 24 9 13 8
13 23 19 11 26 25 8 24 17 9 27 18 22 23
18 14 10 4 16 3 11 18 19 7 16 7 10 18 22 16 9 8 14
18 12 13 12 10 15 17 7 13 16 14 11 7 21 11 10 5 21 19
15 23 18 23 15 16 6 17 13 7 25 6 10 23 22 11
11 14 25 25 29 29 19 29 22 24 20 16
12 11 10 9 23 16 22 26 10 14 17 23 21
18 8 21 5 13 22 13 20 15 19 11 11 13 16 22 20 15 17 16
10 22 16 29 18 24 25 15 18 13 25
19 21 16 9 17 10 9 15 9 2 15 12 5 18 10 8 2 4 19 21
11 26 27 11 28 25 18 21 23 17 10 22
13 20 17 21 16 11 26 25 18 16 14 11 13 16
11 16 13 28 14 17 27 12 16 21 13 10
17 8 15 9 13 6 20 12 14 9 6 17 9 21 19 16 12 10
18 20 5 6 9 19 4 22 7 5 13 20 11 14 6 7 15 8 21
12 16 26 24 16 10 11 26 13 17 22 24 10
19 5 5 6 13 20 21 5 10 9 14 15 10 3 3 21 11 12 3 18
13 15 22 26 17 23 8 15 15 23 16 14 12 15
16 23 12 7 16 24 22 11 12 5 23 6 7 7 10 14 16
18 5 6 16 3 19 5 7 13 4 10 3 11 18 8 10 17 4 8
19 21 19 12 5 4 4 5 21 6 3 6 14 9 6 6 18 16 9 10
18 7 10 18 15 19 20 8 7 17 11 16 6 13 7 13 15 7 8
19 6 17 8 21 12 2 12 3 6 11 9 4 12 6 5 2 6 10 9
11 10 12 14 15 19 13 25 18 28 17 19
14 8 24 24 7 16 19 9 10 9 8 19 14 14 15
17 17 16 5 7 16 11 14 9 14 23 7 9 18 21 22 17 4
14 18 24 26 12 20 19 26 16 25 17 25 16 24 17
18 11 9 15 15 20 16 14 4 14 10 11 6 4 5 20 21 21 9
14 10 10 17 11 20 14 19 16 14 9 11 15 22 17
18 17 9 13 17 18 11 14 22 14 12 4 19 13 16 15 14 11 3
12 28 28 18 20 23 13 13 20 13 20 16 10
19 19 17 8 13 13 20 4 15 20 5 5 2 10 15 19 2 21 15 11
13 26 14 23 23 9 24 18 23 16 16 25 10 9
17 21 18 19 14 11 20 9 7 10 19 14 6 19 7 9 16 13
10 24 28 27 14 24 17 23 27 13 29
11 16 24 19 12 26 19 26 14 25 15 28
13 11 12 14 23 18 23 15 11 20 19 12 15 24
17 15 14 7 4 23 14 6 15 20 6 4 13 18 22 10 21 23
10 30 29 14 19 27 12 17 19 11 12
19 13 9 6 18 18 20 18 18 4 21 21 21 9 8 2 8 13 18 20
16 15 18 6 15 9 23 12 19 11 22 14 20 12 13 5 9
10 19 21 14 14 22 14 27 25 23 20
12 11 10 24 24 20 13 19 15 22 17 15 22
19 5 8 10 3 11 21 3 17 5 20 14 10 3 11 3 5 15 2 15
12 15 19 25 21 15 21 13 11 15 19 28 11
14 22 19 19 21 16 10 14 14 22 11 20 13 21 11
18 4 9 13 5 15 17 12 8 10 15 3 19 20 9 3 9 3 6
11 24 25 27 12 22 21 18 25 27 28 22
17 10 10 16 8 4 23 19 19 9 5 7 12 8 22 9 8 19
