749
13 1252 76 1661 933 1275 1547 881 1926 1712 443 168 495 1045
13 506 330 1732 843 615 306 1172 1712 1160 1563 936 1102 281
12 1339 1101 1830 1516 1271 1814 1637 983 1153 583 825 1971
8 1401 1344 1493 1753 1236 99 202 365
7 1162 717 1953 1677 1499 133 205
6 913 1732 676 559 34 1811
9 984 1415 235 940 305 988 642 20 1872
10 1069 542 1431 1675 121 100 1635 507 523 201
11 409 1456 303 193 1128 1510 887 757 1571 721 342
14 1146 1503 899 1873 1830 1139 1360 1179 399 296 1906 1611 233 1747
11 1640 303 147 404 1973 417 265 1562 1599 13 400
14 1115 532 1008 964 1944 1367 84 1854 769 1823 1697 714 1673 1903
6 841 748 1067 1626 1800 1650
15 1336 1007 1973 99 1096 1320 1455 1224 290 761 906 127 124 1507 1814
6 1248 1104 230 1854 376 544
12 1398 1367 742 1848 1594 554 1163 627 951 1389 1221 1276
15 1248 386 1497 886 624 421 145 1969 1736 1916 1626 1535 43 12 680
8 1252 1303 826 404 1700 1823 999 41
15 1398 1554 548 1826 1211 1663 212 1809 1378 762 626 1336 1869 1996 777
13 1442 1877 1334 559 304 875 563 97 987 1758 1792 1410 18
9 776 1687 1462 862 1513 970 1509 683 1115
15 332 1845 1639 809 1998 652 850 1204 1732 532 15 1420 776 10 181
15 1224 55 261 738 1546 1318 1526 201 257 1565 598 649 1705 1551 1151
12 1416 558 801 508 385 752 1069 1382 1703 213 1133 557
9 454 614 780 1329 312 1183 60 1231 637
12 1404 448 1374 289 1020 1902 159 1137 1561 580 1182 270
13 1714 1881 617 822 1740 1136 594 1723 765 636 200 34 591
15 874 878 1305 1359 1201 1255 961 916 1948 1481 1731 1956 547 1108 1239
6 936 1045 867 1123 124 1603
6 364 428 1367 595 1739 1025
9 109 924 650 1426 974 1754 1276 1402 1310
9 1110 1755 392 1665 1466 1413 1937 1831 1139
9 1610 904 1927 1957 1238 487 210 1907 527
9 1265 1010 683 957 1941 787 1886 1839 581
15 543 250 772 311 1880 984 1971 41 724 1651 972 1230 319 1747 300
6 1631 786 134 254 968 1706
7 1073 1569 607 760 1949 512 1560
7 1214 1089 427 1283 1658 422 1329
11 17 1788 793 122 13 1555 1329 1200 1262 516 1695
12 414 597 557 1569 964 746 1407 356 1311 145 914 1204
15 1128 172 1788 415 1626 642 1518 1349 1843 316 1975 1446 1374 221 1912
15 1055 1306 930 254 190 1167 357 1305 1861 1899 1593 1721 117 1581 868
8 947 706 909 819 624 899 679 1736
7 1670 1054 1129 249 1167 1462 1636
6 1721 1573 1604 1543 1737 1837
11 1536 1447 1521 1011 520 929 606 1102 666 1108 329
14 938 283 1017 1712 1218 1907 1975 1783 722 793 1171 1867 1829 1538
14 1127 386 169 1951 478 48 1578 668 1469 522 1386 1993 1212 1260
7 753 1527 1727 1943 834 776 698
14 1016 1827 920 30 1031 36 729 1242 1756 542 398 937 1085 50
11 1016 1257 1069 1881 1242 680 250 715 420 197 715
13 1040 1302 450 1718 1696 1582 1132 1167 1982 1504 1528 292 961
9 1807 1096 1677 1224 853 1045 1550 345 1943
7 1728 505 1256 1797 368 1996 1044
11 1917 1689 1994 1789 1739 672 524 620 1050 1981 666
11 824 1636 908 703 803 644 9 1508 684 770 1396
13 927 368 1124 457 1109 1453 1706 835 1035 144 1657 1980 220
6 1299 1475 757 1632 1889 1327
12 52 766 1033 1043 712 1907 661 765 1756 1470 625 561
12 959 934 1498 1559 225 1316 297 1431 236 1448 795 202
8 864 1578 311 1447 922 1807 774 1843
7 52 761 95 1728 1159 419 632
15 1606 1944 1312 432 1993 1817 700 972 640 1371 1837 1892 858 834 1329
13 413 1686 1179 1492 94 437 714 907 1029 894 793 525 1367
6 894 823 1451 1137 189 1794
13 1873 1564 584 168 1805 1735 1335 1857 1762 1850 380 465 1013
15 151 1378 942 1837 721 300 113 760 1957 391 153 49 1015 1045 919
6 111 1305 1831 1741 511 255
7 66 1519 1937 814 182 146 1678
12 507 1425 679 522 304 493 266 58 267 647 893 1254
11 1420 1369 499 968 1763 1657 1097 1321 719 1425 65
6 1378 751 1857 1206 797 511
10 1134 577 1454 1881 1259 1877 1335 299 1725 1477
6 1774 1089 640 420 90 123
8 146 390 52 836 401 1583 988 1008
12 1951 1374 91 547 737 856 265 828 404 384 782 1861
9 1505 1021 852 1669 516 617 856 1225 1297
11 1748 560 390 539 280 1326 1156 1231 1256 464 788
10 443 1885 1704 106 1143 291 1884 290 348 921
6 1077 1150 717 1576 738 572
9 1976 897 630 285 1320 1768 1017 847 985
6 1404 517 1666 561 1796 1441
10 745 782 1590 258 114 1520 1460 1025 1034 677
6 673 1957 34 553 864 18
7 561 297 172 368 1028 1388 1365
7 496 362 1908 1797 253 1889 475
9 1281 243 916 574 1841 1946 1691 1658 1556
12 1471 114 1593 331 1777 1585 1299 1940 1878 1439 235 976
14 1800 1072 589 299 1091 648 1092 113 614 1465 114 1783 1953 1232
7 1222 1137 1959 609 968 1763 2001
10 1336 638 1565 783 1785 638 1278 389 1087 1159
8 529 1964 1826 1599 908 204 128 712
15 1130 1145 1176 871 417 600 1081 619 289 1453 129 801 1663 841 1150
11 588 520 664 883 1964 566 387 53 59 1445 1386
6 38 261 1554 1879 1605 479
6 182 1933 135 229 860 1441
9 1853 1876 677 1401 617 399 1071 1531 1368
15 1621 1563 1662 1726 1435 1950 91 1323 261 94 1929 1123 382 367 469
9 729 646 1524 800 1371 1185 1963 778 348
11 841 494 1733 1125 907 317 1621 1352 1951 856 677
7 532 1745 614 1616 642 1875 1562
8 1933 48 1161 265 1741 303 147 259
14 696 162 1140 1931 1877 600 294 1635 564 1278 1238 648 1875 1466
10 198 125 1848 1334 865 268 151 1722 1133 178
14 2 372 1400 1294 1547 930 302 145 194 1565 785 274 1803 11
7 495 522 1778 540 1366 1828 1495
12 1820 258 1758 1818 619 541 970 1301 881 1764 1416 195
7 183 472 886 333 793 1842 759
13 1002 1432 1612 147 1367 454 815 1982 137 410 1586 1603 262
6 763 1901 1331 1235 1263 1939
12 557 665 862 1495 967 924 772 1691 530 1476 1223 1645
10 957 98 451 1376 1480 1968 182 1323 1832 419
10 577 1985 1041 135 1294 1854 984 1623 1729 1844
14 931 928 1970 1808 1201 257 1831 1278 1490 1898 821 1866 1139 418
14 493 685 400 1122 1750 1963 1653 1020 1979 1948 663 1480 230 1065
11 1511 1313 973 1684 124 1328 1682 1397 958 983 1858
11 276 480 209 967 37 824 1536 40 1473 473 615
10 1276 784 271 1051 1285 1081 1333 693 1369 1043
12 538 1087 679 188 1559 160 1403 1668 97 1890 637 928
13 197 1333 770 1668 913 1685 808 317 1655 244 1588 1594 1809
6 1970 922 413 1440 1095 210
11 472 489 1993 1205 1691 105 1500 204 1107 433 1188
13 1139 1805 492 581 1728 792 725 598 608 322 694 724 1777
10 1868 1712 1289 632 425 1807 336 1650 381 1264
8 1139 744 728 316 1032 955 516 419
13 3 317 1899 2002 1648 536 965 542 1757 824 289 539 13
8 181 501 643 996 579 846 829 899
9 567 1964 99 750 1782 775 420 422 643
7 1356 378 841 143 937 1152 888
12 1058 1811 541 1207 425 1451 1038 1953 1420 1763 1942 554
9 193 1103 1692 531 1929 370 1188 1019 1258
8 1503 1544 1462 216 988 39 838 103
10 1118 142 1943 15 1691 925 387 1616 1914 1615
15 868 120 1267 1000 521 516 578 1923 1143 1981 1882 886 31 326 437
10 1951 608 1239 486 1462 840 523 887 787 1464
11 997 165 656 206 547 1949 1640 1560 1877 1448 1327
9 448 788 1786 1525 1167 1736 962 1089 1371
8 1321 1203 336 512 1863 1719 1889 1618
10 557 1622 767 870 1411 128 1119 949 642 1124
10 194 1749 1645 508 349 1076 225 218 1323 1938
8 105 1867 1081 1598 827 18 919 1023
14 544 47 272 564 1010 1985 1101 711 215 552 953 667 1504 1619
9 1306 1923 1591 1876 1449 1510 1522 336 1264
8 272 1360 1162 534 35 763 1267 960
12 1426 1133 1790 1553 1883 1202 894 607 690 447 831 1589
14 589 819 33 1478 1463 1565 216 385 834 1724 1513 793 873 144
9 1560 37 387 711 922 894 1117 688 1565
12 1437 44 663 1940 1566 942 1758 530 1530 1716 1599 625
13 344 1161 1057 23 1200 730 454 1465 335 940 807 60 408
13 1946 261 542 1346 1700 284 968 1460 1608 120 415 1627 187
15 300 217 741 852 1847 923 894 616 50 1362 1650 1232 1797 124 697
10 1256 244 437 1365 1941 1271 1807 393 443 1954
6 1434 1904 785 1913 999 296
11 148 1262 337 1266 1583 1109 207 1036 225 691 635
9 374 1655 1851 1324 1756 132 1280 1870 1423
6 1358 989 967 824 715 199
13 908 530 1617 1718 1311 900 1452 1498 32 1029 1869 401 988
8 1526 861 587 211 1391 731 567 1229
10 1040 681 708 1442 1285 921 756 1019 856 498
14 85 983 1849 1210 708 180 308 269 116 1912 472 1360 619 948
10 1662 1669 1643 1904 1740 662 514 1018 1119 286
10 1110 619 79 1968 985 383 275 1153 1637 1759
9 746 527 1201 1604 1431 878 965 1327 955
14 1403 519 394 615 1582 1358 1942 596 1870 1672 465 1651 1136 427
7 1900 1659 1226 19 663 534 1910
10 398 40 976 552 193 127 1571 1595 977 871
6 120 785 119 1704 1333 1544
10 420 1500 429 881 1083 1363 1633 1228 1580 178
15 40 184 418 531 1891 607 897 13 1896 1939 1517 1322 1685 1228 1579
6 1982 1497 1645 1591 536 1204
6 1305 1268 1429 222 1453 322
12 632 597 1930 1230 730 737 985 1300 1396 65 1013 1381
10 528 246 1058 1821 1186 1298 1157 58 979 683
13 1629 468 264 742 852 1010 1722 433 379 1828 1584 330 662
13 1196 228 832 825 1351 556 882 1471 230 1427 434 280 409
6 1282 1611 1940 708 1087 559
10 1133 1658 65 1583 676 157 1230 1090 1026 1021
15 178 696 896 1665 1601 1119 1118 1724 1618 1755 1569 588 576 914 123
13 719 585 145 965 11 443 1308 1173 1409 1204 722 1623 965
13 1138 1755 897 1238 613 834 366 1854 1850 1454 1113 1552 1450
10 1754 1229 94 777 938 965 1262 1351 708 1729
15 1820 1495 887 1108 1393 501 947 1402 1366 745 757 475 1918 1776 1696
12 868 495 795 1944 1760 63 1901 101 1313 1567 26 1089
15 1520 1721 1393 149 54 1777 877 834 1798 1194 904 9 375 767 304
6 1591 1196 1735 1679 435 1168
11 404 1426 1119 265 1061 877 58 1858 1780 586 1560
8 1056 753 1460 478 1639 408 271 1555
15 1371 202 1960 583 1580 997 30 1502 1657 931 1582 421 363 152 46
6 464 1167 1103 25 1818 1871
12 1177 1882 1090 1034 1056 30 383 1714 1436 1955 1776 1305
13 882 1611 1540 1039 205 481 1126 91 577 512 1599 1126 765
9 1853 1886 162 1681 729 1438 664 978 586
10 533 662 42 222 353 819 590 263 1866 1563
6 1246 1523 1543 485 920 172
12 1810 1112 1511 177 1541 1900 59 1228 470 1412 837 1565
13 1574 579 117 1917 1292 1738 1862 641 697 463 930 346 845
11 126 1716 1585 1617 814 1695 1488 1550 443 439 943
10 487 846 556 124 1181 1604 280 693 848 1594
6 1792 1815 744 1230 56 1913
6 860 985 1372 352 1080 448
8 123 743 1185 742 275 1882 1588 1398
12 1010 1885 47 276 1359 1642 1979 624 1379 1990 201 1309
13 598 786 1498 179 886 1085 1830 1154 602 1308 954 380 9
6 1605 406 1671 241 735 616
15 471 25 1358 1123 54 1474 1281 504 1084 1935 583 1858 1564 42 638
15 688 787 1952 95 1623 1631 1631 1155 1507 1220 718 484 1140 1914 1693
15 145 69 84 430 1866 1806 1388 941 288 1198 680 1569 364 901 2000
13 1504 491 1208 323 247 1575 1079 1433 1322 972 991 1632 155
8 566 615 1689 570 1224 417 1253 1556
11 1713 818 872 110 1619 1659 340 475 168 1984 963
15 60 1946 524 1749 745 1178 738 1492 1043 499 1778 5 383 1557 176
9 1217 1299 677 277 960 1360 1335 135 1880
8 1779 1308 413 1463 1629 1392 942 1855
14 490 787 310 160 776 925 263 1874 1926 1337 391 858 1346 1000
13 1898 1970 1386 579 1946 839 540 149 365 1760 1945 1599 906
7 1290 1303 1797 1813 1664 696 1992
13 1568 1296 259 1941 1854 1490 193 683 1835 1529 432 710 1417
13 1928 641 1529 1548 1360 128 310 1882 1554 1644 1962 1984 468
11 499 1898 1069 568 1434 1506 877 945 58 334 237
6 1369 1484 50 786 1599 1714
14 970 1488 1268 664 376 1700 1823 29 417 229 1843 411 160 937
11 766 1766 837 277 1224 199 808 1259 136 521 309
9 1481 1120 418 1551 1715 1766 1812 679 1799
8 223 1237 1521 1151 1488 517 313 1192
15 1512 1210 384 849 1786 308 761 1581 990 64 1734 567 586 201 1586
8 1182 1399 671 901 1311 206 371 1769
7 186 1098 806 1838 1721 578 1869
7 1474 720 1522 105 59 813 1132
14 1724 1822 1818 367 379 1374 614 382 78 1902 1043 620 477 1921
9 770 788 65 1589 1474 159 558 468 1902
13 432 1630 994 289 1463 1459 995 1004 1242 414 387 1973 1516
6 318 1995 130 1367 1255 1307
15 200 1703 1784 168 420 1970 138 1830 1800 619 1219 806 816 1838 316
15 1025 1916 1967 1473 497 161 1779 280 372 1325 1446 781 1578 559 1955
11 613 1626 613 1950 1857 100 216 1015 165 1287 915
8 118 309 1868 1643 28 692 14 613
14 1779 626 51 995 546 1418 1626 1083 1063 1987 1640 205 1509 24
9 1302 858 190 1705 1864 1807 363 1096 1808
15 11 675 296 1529 1692 648 582 1294 521 169 416 1477 525 1054 765
13 1798 522 696 809 1508 234 1381 1352 1233 212 1390 635 977
10 1276 559 917 1394 1170 1944 694 613 668 1164
12 1179 981 1496 1381 33 294 1864 1755 31 525 1443 1744
10 1783 1142 1011 1017 1690 661 981 1165 1545 655
15 173 1975 1991 1467 743 223 1022 1461 1835 1448 1294 418 102 366 249
10 338 394 771 1264 1008 1316 725 316 443 1998
12 852 12 1754 937 323 41 636 1698 1597 14 815 1909
14 1209 555 1576 666 1909 1804 816 871 1441 1516 1089 597 450 69
9 1874 567 260 1677 890 963 375 233 1407
8 1445 1207 1579 1904 1425 1349 166 443
14 473 1875 109 1922 294 195 554 191 1015 830 1605 200 419 1552
14 548 1045 1367 1690 813 1768 445 1640 6 1169 759 124 1048 1333
9 127 34 1471 958 212 736 1849 423 195
6 695 1312 683 55 1407 125
8 396 394 1536 1725 630 731 334 1204
7 1088 1893 851 899 1606 637 320
9 1551 1459 1932 1245 79 394 1464 1522 334
7 791 986 1153 1237 1822 544 1910
15 724 324 965 992 1459 1960 1344 1749 1528 1453 1134 9 1542 122 1900
15 731 1382 1577 1214 1508 1155 399 1470 416 681 1648 828 1476 1789 1187
10 253 1712 44 633 708 1337 85 763 1152 733
6 748 451 852 512 1475 1379
7 1917 1511 1852 1382 1089 1845 1011
10 1976 1407 1593 46 1114 1961 211 793 420 407
11 2004 164 462 1395 1048 887 1487 908 244 1189 266
10 438 1033 1790 530 862 1420 713 954 1614 1910
13 838 735 1139 1760 528 567 1957 331 236 1626 233 1247 1373
8 1312 293 687 172 1663 1134 687 1418
6 600 1511 1234 1359 1977 812
6 1514 773 1170 1974 1938 1937
7 1609 391 553 994 78 832 864
14 1680 929 871 276 1423 1239 559 1322 1791 814 244 685 1804 1543
8 1075 995 296 1115 1041 840 1289 1511
8 1435 1758 1993 978 27 1031 1873 582
13 1821 1796 203 537 794 1360 122 548 1796 615 1082 972 1521
6 508 1559 1667 1200 778 818
12 876 656 121 997 1615 1445 1735 711 1272 767 805 1926
13 1261 981 1049 1197 166 1586 1913 1087 776 1790 1235 772 1310
8 492 156 143 638 1706 602 1634 1058
10 1821 1074 597 605 377 1575 1607 1402 416 879
8 1019 1136 908 1520 387 547 1077 859
10 1870 890 1617 650 997 1133 447 1405 1403 501
12 1295 915 1542 1886 1457 322 1127 1007 1984 1812 877 1941
6 1909 303 259 153 1828 1956
11 1780 286 781 335 340 133 1453 202 167 1666 1252
13 817 1198 633 810 1859 1328 346 1669 18 853 1145 1078 526
11 17 34 1385 978 162 561 1228 1358 11 957 1381
8 1946 219 1274 302 317 1690 1404 17
12 1648 739 769 1662 1007 1907 1408 1850 959 1954 179 1631
9 159 1718 1791 1994 123 1284 1258 1297 690
6 2009 800 252 321 846 1272
6 1279 724 288 1076 967 1909
6 29 1308 653 1978 186 511
12 1492 1724 485 1253 1715 351 848 480 800 82 260 240
8 1647 647 487 495 274 1108 1614 99
12 902 1350 874 1637 1005 1594 388 62 1131 598 1990 101
15 1236 1728 969 501 1465 1541 1789 211 1884 1224 1832 1624 1157 715 1813
15 1753 163 882 1936 236 1672 425 1071 867 1594 1129 1627 334 200 1304
12 692 245 493 423 685 419 1927 1802 456 272 965 893
7 1192 1002 1429 1622 1051 35 1259
12 436 310 1896 968 906 1910 94 723 306 138 279 1996
8 1602 777 1051 1955 435 803 972 801
12 98 488 562 1325 670 874 746 1596 1158 1133 549 551
8 1788 804 1705 254 1548 114 408 1651
7 1423 1784 226 1311 1901 1020 877
11 142 1803 1437 742 1771 1591 1697 509 965 1464 1620
11 390 1286 1068 273 569 1083 430 509 1120 531 1591
6 1733 918 1560 1069 1430 1107
15 1019 318 1158 31 722 52 1072 1529 23 1600 953 1257 750 1077 1705
14 689 635 16 659 1061 212 278 1802 18 172 74 557 1444 788
10 1592 135 289 1593 1593 1737 1665 1591 205 1725
7 1278 712 1662 1605 450 1307 157
13 229 1024 1931 1997 566 330 750 201 934 1193 893 1333 1726
13 1132 1310 1186 1542 1377 436 1149 1492 1134 874 158 1039 1482
12 1088 880 1878 388 389 1891 549 1253 904 1990 312 1417
8 1535 958 1650 193 979 1357 862 1976
6 606 769 683 1308 1695 1958
15 1168 105 1134 430 1791 95 1967 32 412 270 1759 1400 758 746 1424
11 1780 1225 1681 980 1090 1773 597 1572 1829 149 1791
6 1123 1335 1248 753 713 322
7 905 1881 1072 1905 836 374 712
15 1244 1872 1601 1250 1530 739 1798 1966 917 444 1780 948 1649 1178 1149
6 570 1148 2002 1771 1527 1086
14 1544 147 1106 1781 471 677 1467 1755 717 542 1171 29 703 1158
6 1595 1703 716 603 482 1825
15 1506 447 954 1038 1150 1823 1121 455 823 1847 1460 197 1129 1753 1217
13 879 302 1196 906 539 266 438 518 1122 1624 496 155 1347
11 881 628 1985 1014 942 928 1890 747 446 762 807
14 245 164 1387 1336 1994 1125 681 1085 1896 1388 1554 195 279 1611
10 1073 574 1604 1156 1058 860 1438 1514 1407 196
7 353 203 296 1183 340 946 1591
12 885 276 1186 1437 1260 1240 1534 1419 74 1315 1337 550
11 1525 602 831 1917 19 1838 1506 1182 1988 1540 1950
12 1874 1273 551 1588 785 1336 1645 1285 1505 1251 227 819
7 670 241 1035 749 1571 1973 1768
13 438 58 1826 929 62 926 1868 942 1649 1670 724 86 1954
9 1050 593 1606 424 1868 1800 1162 621 301
12 677 1211 1205 1384 62 1808 95 848 1385 1967 1202 596
6 1730 1964 439 1750 1191 1970
11 187 1984 970 500 420 1255 893 794 430 462 191
8 53 722 1701 1650 1089 1320 2004 1974
12 1794 65 1493 1663 1639 1223 340 1996 1327 785 606 809
13 621 108 1666 95 141 1552 1936 1111 739 1234 499 1031 712
10 223 1942 1442 1315 545 1296 820 10 874 62
10 23 281 671 1918 1616 1465 1194 1354 639 838
10 1912 656 1216 713 781 426 314 1727 1513 1205
13 464 210 1193 1713 603 1139 1581 1241 896 118 918 575 1650
9 758 346 2002 633 1621 1692 426 1087 1105
12 213 1493 1649 169 1080 155 445 1977 819 748 1750 1007
9 547 140 1260 1893 859 1819 675 289 1394
14 564 1706 1598 814 966 811 1047 18 1711 263 580 363 1033 514
7 65 1969 1008 1206 351 515 1532
10 1913 1290 793 586 63 384 946 815 268 72
7 1945 816 935 446 1145 115 1961
6 1977 610 1046 1626 1525 456
15 1678 1313 481 1637 1125 911 588 255 936 24 1432 1174 1778 758 1895
12 669 475 16 480 1329 511 213 79 1454 796 1610 567
14 31 202 738 5 1317 33 1277 1199 110 1698 1511 1718 679 677
10 563 525 1098 1550 663 1121 978 260 1231 173
13 1751 1799 873 1539 1416 645 44 1681 606 984 365 222 811
7 1785 191 376 432 1677 1129 960
6 759 672 1634 301 875 1781
15 870 74 384 128 569 989 12 1231 1625 1958 640 1260 661 1180 625
13 1689 604 1868 35 1750 365 294 1182 994 1003 690 434 626
14 37 312 1226 221 559 1294 266 1378 1907 1338 1433 368 494 728
6 1687 1414 995 1317 1515 422
12 1575 1222 1898 1785 73 1237 1075 1385 590 66 804 1623
7 488 1118 194 388 1591 1989 1665
15 1495 1487 960 1123 1464 1384 331 1729 451 1600 66 598 1840 1684 1614
9 699 831 160 1720 1502 1018 1727 576 1850
14 1469 153 1512 1317 1266 1393 1251 1542 889 25 46 540 1123 69
8 760 1820 1464 1070 559 1192 308 1624
13 720 1223 211 1113 864 93 866 93 661 507 935 745 1176
6 1821 267 663 1024 1882 910
13 24 1341 763 1484 37 1540 885 644 1513 636 640 1507 1112
7 1458 1169 1080 545 1968 1958 1484
11 392 833 1885 12 960 777 1012 1628 1002 1067 1717
10 244 1602 1425 1353 1869 180 564 1275 1138 18
13 1182 725 369 1451 257 1266 1887 650 1782 603 1140 826 1623
7 964 1147 1654 228 1718 786 152
14 294 278 1751 4 1154 1015 273 1876 1673 1106 1703 188 393 202
8 1223 72 1965 879 1421 990 1885 1693
6 568 1880 864 419 1615 220
10 1797 464 72 983 1989 1577 1721 739 1497 264
7 1553 692 1327 1182 1594 1449 493
13 764 1031 9 618 1176 17 1634 1357 615 935 1415 1142 382
8 1765 826 409 55 43 195 333 2001
15 934 1854 408 1408 253 94 691 270 1034 1936 824 277 162 419 1316
15 1780 933 803 589 1936 757 1606 223 235 847 1405 176 794 421 849
14 1189 1648 1299 169 1422 1741 175 1301 118 1607 658 366 536 602
13 264 659 703 432 1202 1607 791 1330 463 1199 837 1485 1756
14 1903 1906 342 438 552 24 1986 1683 1721 1374 1603 792 1445 371
10 1785 214 591 1091 328 1217 84 93 8 581
7 1391 1925 802 679 1169 290 1884
8 871 1559 236 56 895 1265 1797 1098
11 94 1010 494 390 772 941 110 1628 364 1341 893
10 457 1738 1672 894 541 1521 1775 1303 93 892
6 400 179 562 1306 1265 1811
6 1900 1244 1604 610 884 598
12 29 357 1395 1872 1279 424 85 1503 1089 799 623 855
11 1144 400 674 450 1803 1999 184 452 748 1201 931
9 952 1333 1778 26 992 1926 1487 1086 1741
12 1051 362 628 500 477 602 1995 557 1543 1804 534 1710
6 138 948 510 1620 738 1068
13 197 1155 983 859 1701 1618 58 1425 346 1762 452 1131 103
6 1075 1602 1899 476 602 1462
13 1727 1493 1090 208 234 692 459 1341 893 1753 970 1199 1294
10 1822 239 1964 1868 1072 325 1238 1408 924 1983
7 1202 1898 1956 980 858 1056 350
11 684 1619 404 765 271 1532 776 99 22 1046 2000
11 1102 1979 1856 979 451 1222 384 271 1084 1006 2002
8 1245 1658 1878 1339 22 76 205 499
14 515 1221 531 1914 1805 1538 500 1691 1288 111 1545 1797 1501 206
11 1738 1209 1266 1368 866 927 456 66 447 1167 493
11 208 879 523 1061 301 1283 1516 542 541 394 765
6 1187 1808 1828 1007 1490 1148
11 1067 1908 1045 1397 1281 479 1331 1739 1369 152 1648
8 884 371 276 1098 1624 804 61 868
13 280 1561 368 797 541 1133 916 930 14 1854 49 1951 1585
12 1175 112 682 1277 709 619 646 726 1194 922 1288 254
10 275 1616 1203 908 359 1466 1348 897 62 163
12 693 1030 462 1661 1405 244 1016 1571 1552 1217 1427 436
11 1041 576 1102 1659 146 526 142 1577 486 1851 941
8 1453 1699 632 777 649 1189 226 1191
13 1396 1671 611 1393 1523 1750 609 1318 44 942 1738 136 1297
12 1439 1274 1880 1200 967 144 495 495 1855 1893 1884 89
13 720 626 1905 1432 711 153 370 389 235 342 691 418 1232
8 8 1612 1820 315 1547 785 215 393
12 418 264 126 239 1513 101 1197 490 180 317 1067 846
7 386 1580 1701 993 904 1120 902
15 1678 440 320 750 741 1876 656 1834 335 1166 183 1249 1922 308 868
9 1251 37 85 1457 58 102 473 602 1572
14 286 1616 558 1012 1950 1245 757 1164 959 1746 1064 288 1959 1787
11 862 1404 182 241 235 1489 1952 1476 1101 1811 98
9 890 1362 145 1987 1712 422 840 1041 954
15 1195 984 1704 1101 1920 606 1115 1975 1665 1396 1439 594 1821 6 836
15 815 809 1130 1434 1184 1437 1241 1883 637 807 179 405 647 1705 708
10 989 750 925 257 1312 494 1025 698 623 898
8 1088 128 389 1930 1004 1309 301 1846
9 181 104 876 1266 568 1362 121 26 1214
13 1261 1369 1704 1376 1304 1786 315 79 1991 488 1272 612 269
15 1965 601 1896 1403 1925 1219 1312 657 1435 1501 1574 385 395 1724 570
13 174 1548 179 638 200 1144 1279 1357 391 1406 698 40 248
14 1991 6 249 1716 1485 1763 915 1727 356 1462 778 1073 1781 1072
15 1622 1593 1889 890 738 280 913 698 628 1016 897 24 147 160 63
14 1670 663 940 170 913 1584 733 1897 1901 325 428 1199 111 1369
12 1994 1533 173 1782 1813 5 1793 970 44 1453 222 1118
11 246 368 325 769 1881 214 698 839 1550 125 1685
10 609 1684 1349 194 1084 521 690 1301 1189 613
15 834 1386 1697 338 214 388 561 26 146 917 275 52 1969 267 331
9 1811 948 870 1946 997 444 777 1147 1358
11 1276 531 1227 1068 229 1811 896 1456 310 709 1966
14 253 1099 1050 766 128 710 1626 1156 1790 1047 593 320 224 1121
14 284 1091 1150 784 1345 976 1209 228 197 948 1117 506 732 1406
6 1524 1494 1423 134 1903 1927
8 1421 167 1071 1903 1272 825 738 1870
12 1617 1594 523 663 338 1277 902 1211 786 485 1876 1162
13 1865 387 949 245 1856 987 172 1990 665 1052 519 1044 1655
13 1587 190 446 703 1416 1152 1939 556 464 1500 185 1479 1631
9 516 1175 1053 1282 363 1687 1305 1661 968
15 984 1579 287 118 1995 62 1982 532 983 1990 982 1217 345 1809 818
14 97 861 630 1583 1093 1483 379 810 1960 1658 1414 1463 1898 14
14 53 352 1971 1739 712 628 893 1139 1522 1998 1423 1505 1091 1431
15 545 1049 195 1189 504 934 130 1870 1234 274 1015 885 1222 1471 1956
13 1085 517 1231 751 317 694 1500 207 850 420 1777 1217 239
12 224 779 883 1178 1920 657 140 1256 1476 366 1407 1068
14 1541 1820 809 662 1813 1854 624 4 1578 48 922 444 297 203
10 1888 997 998 1804 1391 502 1568 547 612 778
12 1477 607 1100 935 58 254 373 61 1855 1766 1596 1468
15 1259 479 1179 1208 1168 922 886 370 457 1451 79 1211 806 640 1558
6 1427 493 1395 644 850 830
11 1386 1058 924 376 733 1497 1933 111 191 31 768
12 1965 660 166 957 643 171 1064 1186 1704 1634 824 1838
15 1141 1413 760 1568 1424 126 1035 1420 668 146 311 1021 1531 837 334
12 574 764 1963 447 975 125 1501 1914 705 947 1589 1757
9 388 1770 628 27 1518 617 1374 116 1971
11 1602 511 372 913 1314 266 462 1040 50 558 1117
6 1493 144 275 641 585 1345
10 889 421 206 1492 770 137 1765 1641 1785 1658
15 1859 230 1470 1891 1893 633 1844 1466 994 415 873 857 72 646 1728
14 463 417 980 514 333 673 1712 1314 1134 281 825 481 1871 1830
7 154 718 1800 852 1662 1655 1695
13 629 509 1715 1307 261 1906 1244 1613 860 1851 194 1259 997
13 1216 116 135 569 1757 357 769 293 975 1322 472 997 1934
11 314 373 1111 1719 1567 1072 43 1743 1897 324 348
12 938 610 1454 630 1164 573 1895 1819 1275 1970 1745 843
10 1118 131 1667 1446 1125 1612 46 1302 347 165
6 1482 323 777 52 824 1306
8 935 1401 1886 1052 1072 1516 299 124
13 376 683 1791 1693 1115 564 1956 644 1974 1633 236 1161 1342
12 1507 677 977 1715 1873 1511 727 585 439 1113 1643 1909
9 1933 1759 554 95 591 593 976 106 1018
10 1019 1246 1702 1584 258 848 1390 1107 1843 46
11 1248 1348 261 1279 939 67 1063 1034 1527 511 1597
10 1469 1607 81 1591 546 1129 1994 920 1301 465
15 196 411 1682 1134 1147 50 1537 292 569 382 1040 281 479 459 1064
13 143 1778 71 763 1893 738 1158 1256 1697 247 1871 1749 1664
12 830 1433 393 1988 629 1814 1081 1718 172 1554 835 997
14 1506 430 374 1503 1767 681 1228 1295 64 1460 1734 1018 1143 418
6 899 555 1742 961 1739 43
9 302 602 380 288 955 1557 22 56 229
13 1668 843 1470 1876 1068 26 239 711 1255 1220 917 836 42
10 466 1092 1973 1427 555 1087 785 876 1016 6
13 1467 384 832 337 282 1617 1425 526 1141 708 1615 755 1329
15 734 1095 398 173 1672 1732 1192 1553 43 1113 1461 395 1377 840 887
10 1388 413 974 508 523 1440 30 1882 1693 583
7 141 579 933 1666 2005 1791 1905
12 935 113 231 1826 160 1202 1670 1755 1941 504 166 1264
7 64 737 1129 1274 510 1862 1163
13 1775 1329 911 903 1298 1499 580 1954 1104 1987 1146 767 1786
9 1286 267 1860 846 1534 772 147 1867 1392
8 18 1971 240 918 1135 1392 111 1630
10 1093 1152 1582 778 1992 862 764 1122 510 1925
10 134 1400 144 928 972 668 282 90 177 885
6 1506 366 383 1465 34 1467
9 1880 1350 742 550 1868 1142 465 89 1941
7 1370 582 1731 803 1592 1240 1726
15 1247 197 163 676 390 144 1244 1284 421 1218 1365 221 1956 1439 587
11 325 1305 355 2000 322 746 133 1790 1720 142 817
14 1631 854 135 1773 988 1380 736 1232 1054 1367 350 1941 777 1425
15 684 706 1443 1159 427 126 358 1516 739 1745 1903 1792 1862 1128 922
6 1798 1626 261 1403 257 419
11 876 429 952 296 1901 171 823 1264 1523 34 807
11 66 647 809 785 1363 1449 1304 1419 1529 880 1442
15 909 1084 1952 485 555 2000 396 1980 1505 1424 1191 1119 1155 1619 1762
9 347 1845 1449 18 917 1343 649 180 688
6 1135 590 19 787 933 1885
6 975 335 775 1623 1022 1879
11 212 1588 1151 1552 931 1369 279 1933 1321 311 1927
7 231 790 1178 349 1422 741 300
6 400 23 1769 1456 1526 1417
7 1867 1429 1518 1329 1965 209 1977
15 296 241 537 570 525 390 646 1818 1206 641 1699 398 1474 1547 268
11 1193 803 485 679 618 1027 1942 1288 1633 1519 1168
14 744 1786 1742 1647 789 1721 114 1049 601 252 1810 378 908 778
9 499 482 830 60 1457 394 1832 1045 230
9 671 1865 1255 792 270 727 631 437 1507
9 400 1875 1511 1276 510 1650 556 1386 1945
6 653 770 1356 1553 764 1945
15 1791 1902 1367 79 34 888 288 1395 1092 1898 1931 1460 1932 1184 1327
6 1337 657 160 937 458 1532
13 678 488 382 1578 66 1209 753 404 1750 1649 517 231 1876
10 186 997 509 380 567 618 71 864 155 1685
8 515 589 1057 557 1165 219 202 1942
7 1257 442 331 1869 1231 1522 1117
7 1255 40 304 1906 396 533 836
8 625 284 275 219 1305 1363 1310 1926
14 225 150 526 1253 1770 1394 1870 1965 1146 750 1629 880 1445 1982
9 1965 1023 1121 1240 603 1381 749 1642 1288
7 254 209 400 529 516 1081 1962
9 236 309 388 1639 2001 1372 1545 804 855
10 1646 517 1424 1396 215 90 769 556 446 1829
13 651 1722 1401 120 160 1200 832 1998 1766 1337 1357 247 1407
6 1115 1024 1946 819 1741 1180
9 704 171 76 1146 535 997 549 1870 1424
6 827 217 434 214 846 1887
13 1513 590 1987 822 254 1613 1560 1817 878 623 224 1858 1498
10 24 1476 1568 1892 1558 1397 773 277 1094 1429
9 329 1198 975 1239 1600 1713 1881 1976 1948
6 1231 1404 877 1228 346 634
15 1885 1235 1946 500 476 187 686 1103 122 879 666 620 930 669 1019
15 1018 527 1425 1696 995 917 70 1775 729 1121 955 655 1469 1422 780
6 1269 1971 475 644 104 1339
8 926 1635 88 1953 1263 1610 1083 273
12 598 1902 1397 1781 680 346 1048 237 1273 750 12 1985
8 1216 413 864 977 694 1235 1738 300
11 666 321 91 1282 1737 1077 1061 549 1093 293 839
13 160 814 1912 1536 1879 1273 313 694 254 1024 734 1833 713
9 82 1595 734 450 1507 326 1824 1158 1986
9 1088 1755 303 1617 1351 1910 11 1794 1251
11 388 1086 1378 1866 1951 693 936 439 849 496 307
8 165 1089 1111 1173 1977 1227 807 270
12 1200 1952 1312 182 1313 544 731 1271 443 243 1898 679
12 1406 1244 546 920 91 132 1333 75 688 1997 887 492
8 1114 709 1268 13 1416 1019 701 1872
13 1108 1029 1396 206 823 328 1918 54 1117 1449 475 1737 1547
15 1494 1676 384 872 960 1616 992 1594 1196 975 196 1513 653 857 1047
11 1471 583 1330 1172 1283 1771 265 946 417 1136 906
6 1143 485 1308 805 27 274
12 139 1694 1073 1836 46 70 1075 493 1436 880 1223 1612
9 223 574 1632 573 591 1334 1040 717 101
11 878 451 1784 346 298 191 1304 1368 698 1907 1009
15 148 1909 1451 341 905 708 949 1485 1513 1195 834 94 1303 154 100
6 494 1583 117 108 664 300
13 221 72 1818 979 238 325 1707 492 1508 577 548 384 290
12 1367 1497 58 1753 749 338 873 371 1691 271 13 466
13 111 1505 820 1157 557 986 1047 1264 528 1806 508 1030 1746
15 1669 1045 1171 1819 776 279 1962 1202 1346 840 732 858 461 1801 1858
10 1861 1042 650 1143 1952 707 1737 1489 1880 1170
11 55 218 1334 475 745 621 404 1617 1962 1374 1762
9 879 1791 1369 1142 1290 682 1979 378 1671
11 1968 1097 1613 1025 267 843 538 250 1008 1121 1028
11 1424 1195 1263 1455 1963 167 1709 1959 209 421 1123
10 926 201 1629 1301 792 1984 1812 683 923 1392
9 1863 195 1870 1286 1080 999 711 382 1244
12 290 221 98 411 579 330 612 1173 1998 473 375 1830
12 1745 673 1314 549 517 111 982 1632 1282 649 82 726
10 1456 1068 1642 1657 1747 958 1893 1250 1724 679
6 241 1213 665 1258 402 895
9 1401 1496 896 814 1568 1293 658 1747 465
10 700 1029 1067 545 880 538 1407 1186 1597 1338
7 414 948 1520 352 65 632 298
10 919 915 1187 766 511 681 853 1176 1944 1815
11 297 635 1972 1057 1833 560 1911 256 81 883 1246
9 1624 263 867 427 1344 914 426 523 255
15 232 526 855 657 812 1424 710 1485 1004 259 1707 1769 1957 67 923
15 110 1125 680 265 21 439 261 1176 398 1364 229 1664 712 1309 10
8 539 1056 1025 813 1295 1594 1379 1794
12 262 1832 1223 723 1020 961 1103 1497 836 64 1979 1224
7 558 1482 446 285 1043 189 337
15 453 1271 1456 1444 244 1560 1517 1935 162 118 1903 1359 1846 799 91
11 1814 1364 1381 1383 1242 220 594 1732 176 362 581
12 1474 576 1377 1816 1515 86 1997 1274 821 309 524 150
9 1831 909 1814 724 1112 974 1622 775 2006
15 678 1143 628 592 1292 630 550 1720 1282 669 6 1758 1666 354 1963
6 1440 1079 697 1116 857 152
7 1041 1799 762 1024 153 513 29
7 1588 961 749 1559 1174 1450 1147
12 437 131 1506 627 1852 1122 1320 344 393 1685 1987 1945
14 681 1256 1475 9 1107 373 413 571 80 1894 576 1315 12 586
13 1590 1215 1717 79 809 1717 1751 276 817 1041 1949 414 421
13 737 393 1008 1344 1339 27 550 911 424 1477 1230 1120 28
15 1106 939 1570 1256 1475 1765 1552 1185 510 1796 1720 1656 1280 1272 350
12 1552 1403 1995 885 417 1768 1475 1554 530 1318 565 275
13 952 1411 499 312 1722 92 1904 1493 437 824 465 604 188
7 1367 1381 196 1902 825 958 1807
14 445 820 907 1170 385 1049 1604 1284 1616 1102 317 349 1536 46
11 1782 1588 1913 86 210 397 645 556 1552 1201 1652
12 803 448 1178 893 1842 593 807 28 679 1005 1638 227
11 265 1277 1550 1814 273 1513 1053 1293 970 749 1454
12 1869 28 1743 856 1837 239 1637 1340 1193 1419 1571 123
11 1308 959 373 970 1651 457 640 323 385 758 761
7 55 1061 1283 1303 961 1192 1225
10 496 349 1118 29 932 1287 525 991 568 1413
9 1525 637 990 922 1055 1165 1155 1862 1923
9 145 1973 1896 222 1199 808 1051 1854 1248
13 260 1910 114 326 354 1200 625 756 1012 361 591 913 1990
11 1767 660 1353 882 879 1619 926 612 1403 1329 1896
9 1571 1701 1839 1207 54 1210 1407 337 352
10 820 1772 1672 498 332 1572 1090 725 1102 795
13 1329 1030 1619 819 1119 319 122 1399 1491 1726 1662 193 1488
14 560 439 374 15 1026 79 1527 1813 182 1591 1618 1657 722 1160
14 1556 675 882 770 904 67 489 1783 1766 1166 1784 1534 1250 815
10 102 1648 995 745 1053 867 1777 1523 513 1857
8 1090 1663 377 764 617 1962 736 1679
6 678 593 1168 139 885 402
10 658 700 16 1455 1825 1884 1334 993 1065 1937
12 1999 206 772 1488 1840 84 1364 1724 20 1850 1231 660
6 608 1177 686 1209 866 1489
12 116 162 948 711 1187 1009 1252 1340 765 275 265 904
13 973 1042 1605 298 1146 35 1580 1360 297 605 1329 273 1999
15 117 1841 1537 553 1174 585 1635 1707 1071 1 205 708 1058 197 1210
11 1874 824 1844 1868 1132 1593 1187 1507 947 660 1783
7 765 1465 243 657 978 426 1064
13 2001 304 1477 1386 1129 8 1773 1761 857 507 1469 288 795
6 1659 1639 1990 770 1609 1472
12 491 141 1320 742 1237 693 478 1913 1160 889 462 1883
13 1827 103 1659 841 1140 1136 1785 1762 670 244 27 1583 125
6 1778 1550 734 182 1246 1236
15 1189 1713 989 1098 1592 809 1134 690 1849 1995 251 1877 1669 1862 1871
10 484 1569 1007 676 764 1670 59 1766 1350 1506
7 29 1970 972 641 1210 1017 859
11 499 517 226 1993 1535 1464 330 1585 1210 486 1768
11 1606 259 1912 392 1982 1876 487 1361 253 1984 1480
9 254 1282 1588 584 610 1495 439 260 1242
7 1780 1188 1723 1255 1086 214 1370
6 1265 1378 239 879 438 684
11 1908 367 155 1320 869 1606 915 1563 941 1169 1692
7 1954 1192 813 1361 998 1994 1172
7 915 388 1955 960 853 567 647
10 1244 1862 1929 1206 318 1661 119 1404 939 150
8 1988 289 441 1710 1857 1508 1327 345
11 1004 784 1947 974 37 1517 1911 1953 256 969 1778
10 1902 1892 1733 1150 1730 1220 273 1205 474 1141
10 1012 1697 1026 1216 394 1966 1299 163 857 735
9 638 468 1268 1286 1513 1178 1395 734 1616
10 136 538 343 460 1626 1138 1117 1237 1985 274
12 57 691 918 15 496 1482 1229 709 789 1281 1566 1597
10 814 644 1861 426 1681 210 1466 248 1735 1828
9 1611 1883 1719 780 1081 1204 1660 66 1565
6 146 1873 270 1066 1630 1845
10 832 669 578 379 1340 909 1230 272 1976 160
11 1947 508 971 193 1172 391 595 1675 1785 1675 235
15 1693 1188 1259 1647 1423 643 838 765 329 1836 123 1648 1460 1917 1220
6 502 250 621 436 1775 134
8 813 1090 1751 500 370 525 1808 1836
15 1431 196 1065 789 855 35 406 860 1124 839 1847 1663 747 1119 874
9 663 516 778 807 1320 1506 1721 1647 1011
14 1689 1507 396 758 212 547 1419 1141 838 671 1186 18 1581 1218
7 1749 1590 1363 572 916 76 1214
11 978 1485 1972 933 55 634 846 875 659 340 1333
6 1256 1621 261 1901 1655 1260
6 892 1192 1015 1929 697 1148
14 1548 440 98 1833 1747 689 662 844 604 1438 432 1535 220 196
14 1607 1128 929 1290 801 713 1915 9 1939 87 472 1286 1970 576
6 77 1123 942 1809 232 1682
11 1164 1974 1192 1486 1316 1895 1262 1606 1771 876 1891
9 1688 1154 1960 1877 1446 1857 23 1852 201
9 1675 1079 1225 1551 1156 8 533 1932 1436
15 1945 1297 1050 1808 780 974 1351 214 449 357 1179 188 506 704 583
13 1046 326 525 759 1137 1314 1900 1600 1381 1900 1937 1169 1118
7 1587 1909 329 97 1957 672 872
10 1423 869 1108 1318 1218 783 166 1234 1279 1875
11 1273 1395 87 1441 828 1114 1202 234 1399 707 1119
13 699 734 1271 1672 1621 1203 1326 742 1610 1883 68 1477 1220
12 538 306 516 962 1364 1758 1791 1059 1070 1637 466 170
9 1318 388 1128 1593 1098 1945 1564 1142 445
9 288 1300 80 629 1115 575 1021 427 1100
12 385 1157 44 339 1860 1607 476 1869 1383 1968 723 1416
15 34 54 211 1808 1228 230 897 1417 1401 590 923 1390 1558 1097 371
6 1069 161 1735 245 1837 1717
11 1754 1248 1908 890 1414 1927 1927 42 196 140 886
14 1504 1986 1886 1891 1067 1865 1919 689 338 362 1574 1687 281 1692
15 399 1504 1202 687 960 1703 1937 1219 1075 1585 1510 753 270 1272 1766
15 1686 985 526 1496 35 1395 530 1553 286 307 414 852 662 78 75
9 1788 1158 452 1855 1304 1105 1746 1265 1594
11 480 879 454 165 1194 157 726 127 571 1711 1025
7 97 83 304 1661 273 1109 1996
7 1017 1658 698 678 1855 109 1088
6 92 1683 400 1765 378 282
11 1760 1035 9 1252 1637 564 518 701 1402 1300 884
10 1239 1144 862 1427 1022 1235 890 12 1084 626
6 747 1201 1139 1702 1380 155
13 1647 1556 374 233 1134 308 1713 124 1538 1558 166 1456 222
9 1278 671 1305 104 1262 194 490 1868 1238
7 1371 643 1924 565 1458 1796 404
12 146 124 1209 782 1132 1648 1274 1905 1793 875 862 357
10 1568 395 824 1564 968 49 1299 948 1412 895
11 1084 1454 845 491 693 567 285 1798 1920 950 1208
14 1133 1564 356 878 1707 303 1383 822 1188 877 821 323 504 1774
15 1492 238 1987 1567 244 421 1330 1400 877 114 1880 345 1836 997 333
13 85 49 1886 1238 1786 118 124 1329 1426 250 1218 631 1731
13 373 347 10 1302 1737 1765 1850 219 1488 1464 1027 1937 1824
12 1434 263 1588 769 310 1074 1822 849 1151 1881 1661 176
8 876 842 381 1624 1562 1881 356 11
7 356 652 688 526 184 1211 1738
15 1979 29 755 244 562 1494 1333 1841 199 104 193 1665 1482 42 777
13 1074 1878 187 425 1026 904 1830 1777 16 833 1432 1168 444
11 329 788 1366 1749 629 445 1375 191 1494 1926 633
8 806 733 271 1385 819 280 1893 739
10 572 363 1358 530 49 779 790 476 1205 308
10 1579 1803 1554 1679 260 999 1731 1927 1807 198
15 1638 772 400 634 98 53 1715 802 1864 955 1848 1073 1747 1348 111
8 1259 89 1070 1981 614 971 411 761
15 143 1670 511 1695 1762 1986 598 836 1719 798 1953 271 85 1422 1374
6 1124 644 1096 1449 258 752
12 577 552 1914 1751 904 428 917 1173 429 1906 1913 281
12 298 1420 41 1755 643 41 771 423 1874 193 554 452
12 1448 68 475 1993 924 682 537 157 1405 1406 35 1154
13 1257 655 854 1388 1386 450 1841 262 1540 819 1745 974 1990
