1234
592
200
516
196
364
672
320
736
596
960
504
824
172
812
32
976
12
440
944
212
496
220
260
592
344
856
280
236
928
404
972
268
312
812
904
556
480
960
900
888
952
452
396
228
264
164
496
748
140
432
208
276
816
260
536
464
320
228
644
816
892
928
640
100
288
876
312
536
516
296
536
868
304
616
704
820
536
108
784
220
784
520
200
508
932
744
104
800
548
156
916
176
664
852
52
868
588
192
356
240
948
732
188
16
392
256
272
72
780
560
740
208
184
244
604
756
572
940
936
172
84
832
220
616
124
636
336
624
928
52
472
464
772
652
232
388
764
92
308
68
224
68
36
892
548
904
244
160
304
948
652
956
184
660
800
776
400
924
44
48
336
788
876
824
256
60
904
340
428
960
868
960
916
136
160
44
364
940
976
332
784
252
932
140
652
604
768
884
696
524
120
356
824
104
484
880
432
168
420
12
620
364
596
88
412
764
268
976
140
752
396
352
184
104
732
368
336
552
388
484
824
276
664
888
412
820
820
788
128
508
852
764
120
480
84
140
412
104
176
340
604
804
964
608
796
292
628
36
600
488
680
636
536
292
948
360
316
688
508
460
840
564
880
704
420
836
520
804
292
744
412
284
4
648
780
92
876
140
424
864
328
432
840
132
880
428
196
744
456
760
380
540
296
816
832
932
816
292
624
648
896
940
684
748
904
20
24
424
388
836
904
456
532
568
796
468
932
468
336
140
640
912
176
948
264
92
536
872
648
36
720
916
372
940
316
464
420
744
204
572
884
484
324
708
472
636
444
788
164
732
496
240
596
964
60
436
872
204
300
744
756
312
932
836
40
952
572
900
84
136
556
836
756
904
676
540
948
524
500
892
376
296
332
424
284
648
924
616
484
104
376
456
516
428
784
480
204
300
112
600
420
952
200
248
144
500
736
424
64
976
264
48
700
796
148
820
544
268
348
880
840
216
448
548
20
564
456
468
324
896
588
748
504
624
776
640
260
796
664
384
912
136
336
592
716
244
200
424
872
188
944
288
24
136
856
484
924
392
596
512
432
228
764
644
840
192
568
92
120
764
448
372
136
492
804
480
564
536
524
648
180
460
424
980
456
800
668
828
940
804
156
752
764
728
744
872
752
100
616
348
8
188
288
908
956
568
668
464
744
584
76
596
652
664
788
16
760
676
112
192
484
948
272
328
288
424
980
508
32
128
716
900
916
108
168
324
924
148
164
236
668
284
468
380
484
852
268
476
964
640
272
520
28
508
328
648
612
444
100
328
164
776
308
420
656
396
440
884
472
460
856
700
664
116
756
720
820
32
744
40
124
708
764
596
76
164
348
152
580
428
32
644
24
364
744
292
784
392
372
320
232
64
636
480
320
980
320
428
944
980
16
176
364
380
524
272
328
376
916
676
28
828
220
948
672
576
400
192
864
684
52
700
420
820
680
552
160
844
64
448
448
784
20
628
356
496
796
280
360
896
440
844
168
492
620
84
908
520
208
284
276
732
412
8
480
572
792
564
160
84
292
912
420
632
788
656
812
640
360
156
16
732
508
252
748
628
712
928
804
904
540
804
608
352
396
452
512
700
548
876
832
948
124
376
640
960
240
228
904
228
816
232
468
960
224
884
696
20
904
376
308
328
352
788
300
568
860
524
568
848
12
856
56
232
664
96
128
180
868
180
888
260
748
868
184
472
960
904
40
856
948
552
420
900
652
184
208
8
784
792
912
452
520
940
292
412
612
644
620
124
532
468
308
924
140
292
220
848
624
592
296
160
280
156
24
848
824
908
948
68
264
108
332
584
56
44
516
932
480
608
696
408
124
236
664
660
732
360
556
536
240
664
644
324
320
740
396
56
872
652
568
260
604
904
964
856
348
272
288
152
228
440
56
228
776
144
816
328
360
856
400
108
804
760
180
444
944
884
256
772
356
12
340
36
116
124
244
224
348
112
44
272
936
716
172
868
40
64
4
696
412
56
716
680
584
952
140
4
840
556
144
344
596
364
224
620
484
508
148
928
688
540
436
340
652
220
476
24
272
704
796
700
772
864
624
372
844
52
128
116
872
276
400
4
196
956
896
548
324
184
796
624
320
292
728
488
508
128
160
460
788
40
152
776
380
180
40
776
468
784
976
312
220
636
300
936
408
172
136
656
980
480
180
388
128
612
756
480
656
380
484
128
816
220
8
240
252
400
360
860
108
300
288
332
644
800
712
536
388
824
848
840
924
548
692
736
256
424
252
532
440
208
424
368
612
556
572
308
128
44
288
276
796
464
624
760
340
252
280
724
892
380
632
340
792
472
576
788
56
772
668
788
76
408
144
808
424
60
260
20
620
964
604
948
280
264
156
756
372
516
904
72
224
220
404
856
704
620
916
740
308
872
696
200
284
68
264
316
928
960
600
224
880
204
932
936
464
480
504
868
116
48
160
904
860
804
192
940
340
788
320
84
832
948
744
680
600
64
512
924
276
416
592
648
708
376
76
452
880
152
936
760
356
268
548
328
144
788
100
456
364
692
532
548
832
488
8
192
108
436
388
584
692
976
828
56
652
44
164
76
752
16
244
460
448
736
20
164
96
260
904
936
432
356
392
108
748
688
136
680
520
632
440
492
336
720
932
464
108
772
172
536
64
24
976
532
584
596
304
456
292
696
656
812
168
680
888
148
276
820
808
392
60
768
268
848
900
780
460
264
972
868
112
252
4
192
48
408
620
136
772
700
680
156
224
692
800
280
680
560
920
228
692
640
660
92
196
24
820
864
316
388
148
824
896
40
28
36
148
736
548
536
444
156
