499
592
200
516
196
364
672
320
736
596
960
504
824
172
812
32
976
12
440
944
212
496
220
260
592
344
856
280
236
928
404
972
268
312
812
904
556
480
960
900
888
952
452
396
228
264
164
496
748
140
432
208
276
816
260
536
464
320
228
644
816
892
928
640
100
288
876
312
536
516
296
536
868
304
616
704
820
536
108
784
220
784
520
200
508
932
744
104
800
548
156
916
176
664
852
52
868
588
192
356
240
948
732
188
16
392
256
272
72
780
560
740
208
184
244
604
756
572
940
936
172
84
832
220
616
124
636
336
624
928
52
472
464
772
652
232
388
764
92
308
68
224
68
36
892
548
904
244
160
304
948
652
956
184
660
800
776
400
924
44
48
336
788
876
824
256
60
904
340
428
960
868
960
916
136
160
44
364
940
976
332
784
252
932
140
652
604
768
884
696
524
120
356
824
104
484
880
432
168
420
12
620
364
596
88
412
764
268
976
140
752
396
352
184
104
732
368
336
552
388
484
824
276
664
888
412
820
820
788
128
508
852
764
120
480
84
140
412
104
176
340
604
804
964
608
796
292
628
36
600
488
680
636
536
292
948
360
316
688
508
460
840
564
880
704
420
836
520
804
292
744
412
284
4
648
780
92
876
140
424
864
328
432
840
132
880
428
196
744
456
760
380
540
296
816
832
932
816
292
624
648
896
940
684
748
904
20
24
424
388
836
904
456
532
568
796
468
932
468
336
140
640
912
176
948
264
92
536
872
648
36
720
916
372
940
316
464
420
744
204
572
884
484
324
708
472
636
444
788
164
732
496
240
596
964
60
436
872
204
300
744
756
312
932
836
40
952
572
900
84
136
556
836
756
904
676
540
948
524
500
892
376
296
332
424
284
648
924
616
484
104
376
456
516
428
784
480
204
300
112
600
420
952
200
248
144
500
736
424
64
976
264
48
700
796
148
820
544
268
348
880
840
216
448
548
20
564
456
468
324
896
588
748
504
624
776
640
260
796
664
384
912
136
336
592
716
244
200
424
872
188
944
288
24
136
856
484
924
392
596
512
432
228
764
644
840
192
568
92
120
764
448
372
136
492
804
480
564
536
524
648
180
460
424
980
456
800
668
828
940
804
156
752
764
728
744
872
752
100
616
