4999
592
200
516
196
364
672
320
736
596
960
504
824
172
812
32
976
12
440
944
212
496
220
260
592
344
856
280
236
928
404
972
268
312
812
904
556
480
960
900
888
952
452
396
228
264
164
496
748
140
432
208
276
816
260
536
464
320
228
644
816
892
928
640
100
288
876
312
536
516
296
536
868
304
616
704
820
536
108
784
220
784
520
200
508
932
744
104
800
548
156
916
176
664
852
52
868
588
192
356
240
948
732
188
16
392
256
272
72
780
560
740
208
184
244
604
756
572
940
936
172
84
832
220
616
124
636
336
624
928
52
472
464
772
652
232
388
764
92
308
68
224
68
36
892
548
904
244
160
304
948
652
956
184
660
800
776
400
924
44
48
336
788
876
824
256
60
904
340
428
960
868
960
916
136
160
44
364
940
976
332
784
252
932
140
652
604
768
884
696
524
120
356
824
104
484
880
432
168
420
12
620
364
596
88
412
764
268
976
140
752
396
352
184
104
732
368
336
552
388
484
824
276
664
888
412
820
820
788
128
508
852
764
120
480
84
140
412
104
176
340
604
804
964
608
796
292
628
36
600
488
680
636
536
292
948
360
316
688
508
460
840
564
880
704
420
836
520
804
292
744
412
284
4
648
780
92
876
140
424
864
328
432
840
132
880
428
196
744
456
760
380
540
296
816
832
932
816
292
624
648
896
940
684
748
904
20
24
424
388
836
904
456
532
568
796
468
932
468
336
140
640
912
176
948
264
92
536
872
648
36
720
916
372
940
316
464
420
744
204
572
884
484
324
708
472
636
444
788
164
732
496
240
596
964
60
436
872
204
300
744
756
312
932
836
40
952
572
900
84
136
556
836
756
904
676
540
948
524
500
892
376
296
332
424
284
648
924
616
484
104
376
456
516
428
784
480
204
300
112
600
420
952
200
248
144
500
736
424
64
976
264
48
700
796
148
820
544
268
348
880
840
216
448
548
20
564
456
468
324
896
588
748
504
624
776
640
260
796
664
384
912
136
336
592
716
244
200
424
872
188
944
288
24
136
856
484
924
392
596
512
432
228
764
644
840
192
568
92
120
764
448
372
136
492
804
480
564
536
524
648
180
460
424
980
456
800
668
828
940
804
156
752
764
728
744
872
752
100
616
348
8
188
288
908
956
568
668
464
744
584
76
596
652
664
788
16
760
676
112
192
484
948
272
328
288
424
980
508
32
128
716
900
916
108
168
324
924
148
164
236
668
284
468
380
484
852
268
476
964
640
272
520
28
508
328
648
612
444
100
328
164
776
308
420
656
396
440
884
472
460
856
700
664
116
756
720
820
32
744
40
124
708
764
596
76
164
348
152
580
428
32
644
24
364
744
292
784
392
372
320
232
64
636
480
320
980
320
428
944
980
16
176
364
380
524
272
328
376
916
676
28
828
220
948
672
576
400
192
864
684
52
700
420
820
680
552
160
844
64
448
448
784
20
628
356
496
796
280
360
896
440
844
168
492
620
84
908
520
208
284
276
732
412
8
480
572
792
564
160
84
292
912
420
632
788
656
812
640
360
156
16
732
508
252
748
628
712
928
804
904
540
804
608
352
396
452
512
700
548
876
832
948
124
376
640
960
240
228
904
228
816
232
468
960
224
884
696
20
904
376
308
328
352
788
300
568
860
524
568
848
12
856
56
232
664
96
128
180
868
180
888
260
748
868
184
472
960
904
40
856
948
552
420
900
652
184
208
8
784
792
912
452
520
940
292
412
612
644
620
124
532
468
308
924
140
292
220
848
624
592
296
160
280
156
24
848
824
908
948
68
264
108
332
584
56
44
516
932
480
608
696
408
124
236
664
660
732
360
556
536
240
664
644
324
320
740
396
56
872
652
568
260
604
904
964
856
348
272
288
152
228
440
56
228
776
144
816
328
360
856
400
108
804
760
180
444
944
884
256
772
356
12
340
36
116
124
244
224
348
112
44
272
936
716
172
868
40
64
4
696
412
56
716
680
584
952
140
4
840
556
144
344
596
364
224
620
484
508
148
928
688
540
436
340
652
220
476
24
272
704
796
700
772
864
624
372
844
52
128
116
872
276
400
4
196
956
896
548
324
184
796
624
320
292
728
488
508
128
160
460
788
40
152
776
380
180
40
776
468
784
976
312
220
636
300
936
408
172
136
656
980
480
180
388
128
612
756
480
656
380
484
128
816
220
8
240
252
400
360
860
108
300
288
332
644
800
712
536
388
824
848
840
924
548
692
736
256
424
252
532
440
208
424
368
612
556
572
308
128
44
288
276
796
464
624
760
340
252
280
724
892
380
632
340
792
472
576
788
56
772
668
788
76
408
144
808
424
60
260
20
620
964
604
948
280
264
156
756
372
516
904
72
224
220
404
856
704
620
916
740
308
872
696
200
284
68
264
316
928
960
600
224
880
204
932
936
464
480
504
868
116
48
160
904
860
804
192
940
340
788
320
84
832
948
744
680
600
64
512
924
276
416
592
648
708
376
76
452
880
152
936
760
356
268
548
328
144
788
100
456
364
692
532
548
832
488
8
192
108
436
388
584
692
976
828
56
652
44
164
76
752
16
244
460
448
736
20
164
96
260
904
936
432
356
392
108
748
688
136
680
520
632
440
492
336
720
932
464
108
772
172
536
64
24
976
532
584
596
304
456
292
696
656
812
168
680
888
148
276
820
808
392
60
768
268
848
900
780
460
264
972
868
112
252
4
192
48
408
620
136
772
700
680
156
224
692
800
280
680
560
920
228
692
640
660
92
196
24
820
864
316
388
148
824
896
40
28
36
148
736
548
536
444
156
812
708
812
840
668
260
488
952
24
144
460
52
268
692
908
816
320
568
240
284
920
796
956
936
352
716
576
836
80
268
396
548
700
484
60
48
96
548
40
320
312
368
176
488
436
36
44
156
648
488
76
692
708
808
956
316
476
104
688
496
296
780
180
596
572
772
96
316
976
864
428
584
880
232
872
560
888
764
796
436
544
660
684
836
24
584
760
704
832
532
236
312
228
340
756
624
380
164
468
600
940
916
428
456
80
32
440
224
172
184
604
752
304
440
872
128
504
668
768
144
524
752
436
544
604
904
484
272
820
396
704
788
64
4
900
52
876
316
772
248
892
560
556
184
160
692
804
184
620
868
728
420
680
332
928
96
228
100
548
544
380
84
196
452
688
168
64
556
160
272
156
228
892
884
540
348
460
904
476
972
460
820
328
568
448
424
952
556
516
104
636
388
776
888
588
836
124
652
12
796
944
296
356
624
128
508
212
280
92
840
336
896
440
808
340
912
592
856
108
612
640
780
488
960
316
744
656
568
368
324
360
52
36
748
632
668
92
584
228
60
936
664
788
244
604
120
852
728
512
180
504
900
408
644
216
120
80
72
540
448
820
824
364
232
632
352
4
908
484
224
824
228
580
24
372
896
104
128
180
112
728
868
796
404
472
404
848
748
112
220
84
744
452
616
912
216
308
608
700
156
364
860
804
692
240
332
516
544
96
300
44
428
88
464
680
528
748
648
820
24
792
396
296
688
956
240
736
356
560
812
816
524
260
112
692
352
812
212
140
436
884
180
304
308
684
656
672
384
164
272
776
556
960
940
76
64
588
284
92
672
36
200
848
280
60
772
396
904
680
612
152
500
652
640
688
32
684
820
252
788
712
100
388
760
180
336
764
876
768
896
152
884
856
532
212
108
448
388
916
920
156
232
852
908
168
668
972
876
196
704
724
100
444
152
164
468
36
128
836
644
580
148
492
196
500
328
108
292
964
568
32
548
616
540
344
612
312
408
292
172
672
760
952
404
372
416
176
80
416
652
588
584
712
424
592
812
920
520
840
560
328
364
148
868
312
316
584
140
168
540
188
208
556
328
980
484
216
648
200
704
284
88
672
32
796
924
460
960
664
516
420
708
44
456
872
812
448
296
920
712
508
624
468
264
496
532
936
900
572
440
784
276
96
248
744
396
420
672
660
364
60
592
224
232
540
644
256
392
20
44
60
908
968
896
704
192
636
16
900
916
656
456
640
868
860
520
424
692
468
740
124
584
796
464
72
956
196
788
452
776
228
276
568
332
720
964
104
776
132
328
340
448
136
592
396
340
808
556
732
516
504
840
740
76
676
652
260
112
600
692
288
376
696
420
4
980
372
700
168
76
644
896
96
128
972
212
976
724
448
564
980
636
384
476
580
340
664
308
728
864
632
944
880
904
288
660
752
80
704
428
272
308
904
680
808
284
164
804
24
660
520
696
360
680
120
880
936
44
772
512
632
732
520
912
600
800
116
432
944
804
188
528
72
204
776
328
468
680
632
396
904
452
332
584
708
728
380
264
764
936
80
592
376
152
568
736
596
368
428
168
136
608
788
652
108
200
112
700
272
944
752
824
784
172
648
252
156
452
272
528
64
168
560
700
492
780
204
8
824
748
72
740
432
896
484
980
712
436
696
460
256
952
40
888
52
628
404
332
488
4
316
772
400
20
112
532
900
92
284
648
200
700
324
764
140
32
384
484
380
884
416
92
556
372
900
836
372
944
436
312
952
608
252
652
892
116
804
644
544
568
128
620
364
812
632
384
972
140
904
344
708
836
708
972
508
744
620
932
440
336
596
496
648
692
840
268
264
332
536
500
400
660
388
252
672
744
448
528
864
960
768
960
732
224
884
8
680
628
68
764
488
680
372
12
160
76
512
664
840
340
704
432
716
176
288
108
436
132
236
416
116
160
708
356
864
748
688
564
660
944
756
284
980
608
760
284
948
732
316
836
764
28
684
192
656
804
12
384
88
344
916
792
260
104
528
560
332
460
408
900
788
608
144
268
384
552
668
404
4
740
592
496
544
776
928
168
156
776
188
624
532
908
820
144
172
748
192
748
72
680
536
332
428
12
636
576
136
140
200
768
136
512
176
368
360
184
980
552
208
812
108
980
480
172
908
508
148
132
476
720
612
364
932
424
528
196
796
324
44
692
148
248
636
592
976
132
668
944
80
608
256
456
588
292
548
788
900
520
260
504
580
376
720
124
212
696
32
624
968
28
524
292
940
184
36
744
476
500
876
120
48
344
4
96
244
316
780
592
12
16
164
292
304
20
144
328
56
944
324
844
952
752
444
436
872
304
724
612
920
572
840
344
284
508
928
488
416
192
204
176
844
64
964
448
252
44
312
124
856
764
708
156
572
612
928
460
104
488
692
388
864
484
868
348
668
324
748
780
644
340
552
312
316
436
564
236
156
680
92
872
436
288
152
360
72
608
188
680
772
924
524
20
848
660
852
256
980
556
692
860
720
936
736
440
4
364
492
604
252
112
680
876
136
504
400
832
548
516
104
4
440
672
168
444
960
720
896
640
312
632
556
232
588
472
128
780
4
456
584
356
476
72
824
820
900
244
24
136
680
796
880
560
924
656
736
240
372
712
408
252
36
572
520
732
428
264
236
564
732
164
64
316
636
16
976
456
272
108
64
504
144
248
160
700
572
196
536
24
76
276
400
376
848
32
300
564
500
568
880
816
332
844
732
676
808
476
508
612
348
392
652
692
888
516
188
768
940
516
220
724
232
456
332
64
216
908
256
828
92
684
244
712
548
300
932
440
252
284
816
668
304
112
644
732
320
868
668
320
748
944
524
840
636
900
836
460
48
352
84
16
200
752
144
320
420
84
728
60
760
956
196
748
8
92
480
336
8
512
4
892
148
600
836
684
944
168
848
592
972
440
520
276
860
688
148
940
116
820
676
328
460
436
660
284
732
472
892
524
680
556
416
884
820
4
540
580
88
860
196
156
64
912
324
284
220
396
556
348
384
564
4
372
60
728
116
476
636
96
416
168
168
272
260
252
820
912
440
624
508
864
28
716
908
904
740
256
236
552
504
288
344
152
572
212
844
848
604
288
936
944
140
836
536
808
696
52
972
652
448
588
104
972
960
212
428
28
244
908
592
908
260
8
360
784
176
884
356
664
664
652
164
712
460
880
972
856
512
380
220
712
120
580
836
116
144
384
352
304
600
640
104
748
492
48
424
516
200
228
420
684
924
112
236
640
4
496
608
696
404
932
4
28
464
924
772
244
592
584
688
124
4
444
220
448
324
556
192
820
860
236
280
848
780
608
348
264
396
396
72
872
216
864
908
696
256
212
584
448
340
188
660
284
260
804
836
448
692
688
136
664
456
904
908
680
416
940
652
664
540
36
448
844
448
876
20
144
640
712
812
800
780
44
116
248
616
820
96
876
212
352
816
748
304
512
332
892
200
204
184
568
432
388
80
244
860
712
448
464
128
440
24
284
740
580
80
560
452
380
604
768
172
452
48
224
860
872
396
272
468
504
676
80
972
216
404
176
32
264
840
824
572
952
948
876
516
444
976
380
632
692
720
76
744
708
784
716
292
796
80
200
612
72
980
400
560
860
32
524
436
112
116
912
904
156
804
396
948
556
268
124
272
532
560
688
588
732
348
676
484
156
388
436
232
564
112
616
492
80
436
956
56
496
752
704
536
568
976
504
876
608
128
296
256
720
632
192
72
168
788
816
364
732
680
908
644
640
112
968
56
804
444
412
816
464
872
844
452
876
628
616
592
512
216
888
828
48
480
620
272
764
672
976
708
676
740
552
324
796
912
552
832
104
532
208
792
292
740
556
436
4
88
400
256
56
520
268
476
820
456
76
952
32
156
656
668
748
820
540
584
888
168
896
552
660
756
240
944
244
692
912
144
836
228
260
672
588
436
592
652
748
140
352
388
952
564
16
168
312
472
544
740
328
56
72
36
96
744
148
772
240
64
28
732
744
336
784
504
492
720
188
344
60
760
112
504
456
812
112
776
480
80
848
360
212
532
520
720
948
40
192
176
396
580
332
84
792
128
152
24
920
180
316
316
176
784
280
604
472
440
724
620
380
4
848
640
524
24
484
128
300
40
572
552
404
160
316
604
760
436
732
28
904
692
500
144
680
136
584
596
376
192
20
280
68
592
812
784
360
612
732
456
612
148
252
132
592
936
692
236
112
28
696
372
672
324
584
584
640
116
104
400
152
96
896
704
60
748
332
980
964
276
772
820
540
656
364
516
960
312
624
936
856
308
912
512
112
936
88
368
868
972
436
396
268
512
632
736
236
408
380
376
636
204
640
976
832
392
120
652
692
260
36
564
784
916
600
528
644
320
224
716
548
160
188
600
508
888
704
676
192
728
796
64
32
380
220
500
928
80
140
360
808
140
288
412
928
700
352
184
368
268
568
116
212
696
736
156
156
344
776
956
852
484
840
976
260
36
856
268
84
964
148
968
924
264
216
356
652
512
668
72
132
200
384
244
632
368
584
336
68
4
164
772
84
216
804
812
860
124
436
872
948
816
316
888
292
668
792
716
688
228
160
240
972
628
380
688
860
904
604
716
376
796
360
668
584
744
584
772
516
532
548
300
652
408
952
68
924
56
744
400
864
852
48
608
512
24
600
340
616
568
912
520
424
460
676
76
516
708
648
588
236
104
808
580
328
392
480
728
868
336
308
28
412
720
300
160
692
8
604
28
728
128
676
628
944
156
68
644
980
56
592
300
448
572
520
324
952
676
904
720
944
296
524
476
936
148
136
668
820
332
280
372
812
768
344
284
848
480
464
148
236
876
588
596
740
936
748
656
568
660
600
148
344
436
816
512
396
28
200
848
536
16
224
296
632
968
644
868
72
28
272
80
472
128
504
820
812
960
744
252
32
640
640
896
432
732
164
340
196
788
340
180
776
408
88
584
812
72
820
380
224
112
252
704
28
312
968
44
468
444
616
668
180
664
672
872
432
68
496
764
552
36
612
292
908
868
52
620
264
500
864
864
564
108
496
956
260
236
84
500
924
468
88
584
116
296
184
800
844
212
300
136
292
52
164
848
348
508
396
612
560
972
688
740
528
360
956
732
256
60
172
300
904
828
964
808
24
652
164
812
248
380
468
520
336
252
332
168
900
184
560
420
248
540
496
336
468
588
456
836
452
228
408
836
160
476
72
12
156
568
204
164
964
576
352
560
32
676
700
40
956
28
660
28
508
4
668
320
348
100
588
180
980
724
832
284
980
264
388
596
956
492
292
664
532
644
188
660
340
276
564
308
240
976
916
344
276
660
252
680
216
60
644
200
928
148
928
460
416
940
812
164
196
904
524
44
188
604
244
596
232
72
760
800
208
404
576
804
56
616
36
592
488
368
712
416
548
892
744
156
260
756
368
364
80
140
16
152
224
628
376
20
12
896
772
176
484
184
816
192
908
852
368
396
252
544
760
880
300
604
164
456
744
324
300
392
288
888
444
624
536
188
236
912
744
640
84
968
196
812
820
272
384
360
112
428
400
8
836
352
668
132
948
340
576
476
648
296
364
164
220
848
756
352
400
964
468
96
224
280
832
176
84
612
468
852
332
956
716
312
524
320
692
496
340
876
80
448
892
956
72
260
300
492
296
36
824
672
280
832
636
108
384
808
960
500
172
980
188
512
432
88
8
12
592
276
368
48
564
484
544
968
496
148
884
84
372
648
432
80
176
128
332
816
824
664
928
724
240
392
640
328
152
148
288
548
552
776
264
568
128
732
28
824
372
740
300
732
344
644
376
828
560
856
664
420
68
712
188
976
688
116
356
388
180
172
468
496
424
100
80
448
156
952
308
244
276
900
408
880
608
856
296
72
524
124
880
520
924
48
964
204
432
420
104
624
644
664
976
320
644
512
148
132
964
860
36
252
128
192
268
588
668
304
728
960
480
84
640
28
452
936
248
112
64
32
416
924
936
232
756
580
496
356
268
48
708
636
900
120
732
788
728
300
800
764
680
120
396
728
200
872
864
144
872
944
440
636
336
56
292
760
28
664
844
32
364
384
216
868
332
400
692
468
512
104
664
324
8
656
416
96
244
744
812
532
976
368
280
424
468
800
44
560
144
136
368
20
520
924
704
208
908
468
596
64
380
268
836
576
284
496
636
508
452
32
836
252
832
716
932
960
768
332
820
40
444
48
880
148
356
348
948
712
388
788
44
480
332
912
768
536
560
12
620
512
904
32
776
344
140
712
688
128
628
92
8
552
208
288
352
364
532
44
328
768
524
888
820
432
432
744
8
100
944
752
140
844
156
148
976
512
812
580
568
584
488
72
428
24
412
620
884
244
732
8
696
896
200
704
468
976
864
188
524
592
716
688
500
328
292
184
280
752
940
912
120
452
764
312
680
564
392
12
696
888
64
328
836
52
488
816
396
728
932
580
476
448
868
172
552
776
916
344
868
204
140
252
40
488
764
888
460
140
356
136
492
776
96
208
224
40
552
280
40
144
560
260
672
688
888
444
292
672
672
808
360
408
184
932
668
356
196
104
944
720
320
872
552
840
528
604
508
8
468
192
968
944
12
220
864
912
144
52
88
968
536
460
888
920
916
388
848
788
632
364
660
588
80
140
684
240
312
264
228
960
20
268
760
612
716
156
244
156
284
660
124
472
160
916
456
556
712
300
816
896
324
508
704
20
276
376
872
888
524
124
260
268
480
804
832
116
920
356
408
972
12
812
632
568
652
268
460
864
468
192
292
584
296
804
588
224
556
244
156
180
152
32
676
904
368
312
156
140
752
924
312
788
616
524
208
920
352
612
588
44
776
52
20
640
708
320
504
208
908
840
60
944
524
772
116
904
52
264
492
932
616
752
832
52
700
276
28
600
312
296
660
676
460
932
892
212
440
572
508
596
840
956
120
952
300
204
512
356
244
508
284
236
264
960
80
292
696
936
232
688
440
972
252
836
628
180
408
720
928
268
748
264
912
544
40
732
288
536
772
72
384
24
536
4
400
260
944
944
780
128
576
268
792
976
48
944
716
68
936
488
40
516
196
416
244
544
60
12
868
936
408
584
976
720
628
540
652
172
92
440
860
552
52
596
288
832
484
192
84
136
760
16
56
372
632
132
496
204
60
496
84
776
548
468
256
944
140
520
852
152
216
484
568
344
452
880
248
960
504
516
844
276
36
552
908
612
512
444
40
496
340
188
124
908
800
860
904
692
968
428
904
500
420
140
236
552
564
68
160
12
796
596
548
280
424
408
844
32
900
808
720
72
828
244
356
340
580
640
496
164
224
52
668
316
112
512
584
828
812
968
616
4
604
108
604
132
456
108
476
836
732
812
100
24
924
900
84
320
644
332
788
764
376
320
868
336
180
788
752
388
156
684
124
580
912
132
488
164
364
980
532
528
184
248
824
424
460
820
444
500
216
908
404
696
268
16
784
644
348
820
504
664
740
788
324
260
704
680
744
916
200
740
572
796
48
828
516
664
208
728
240
824
180
404
160
60
188
972
156
920
448
396
516
928
136
440
584
704
428
504
96
956
504
744
736
756
132
120
452
384
428
116
24
284
292
516
360
420
216
804
684
724
372
60
888
232
172
432
60
124
12
104
628
220
288
296
684
64
932
948
868
420
688
916
616
292
428
720
332
432
376
292
448
356
360
912
88
380
172
628
164
480
280
360
184
68
692
348
920
392
148
844
644
152
620
808
740
208
892
320
888
660
128
612
792
892
684
244
548
920
16
52
288
196
796
700
100
372
936
288
656
260
408
720
336
944
700
400
324
556
680
108
736
908
112
848
588
552
652
896
4
496
920
96
628
568
856
368
572
688
80
284
244
612
896
556
152
644
576
204
692
776
864
912
188
940
508
980
420
712
216
112
768
656
736
524
208
168
836
564
512
512
736
584
300
756
24
316
552
88
928
688
756
852
688
968
416
936
36
104
624
612
192
544
336
140
504
60
560
284
872
92
756
744
552
608
748
392
708
900
588
936
172
688
304
112
492
596
516
636
472
84
788
468
532
260
548
48
472
612
228
548
868
612
184
568
440
700
48
128
116
696
952
316
876
636
224
484
352
168
744
288
200
944
536
860
8
944
184
708
688
576
624
368
88
608
880
624
224
432
372
496
132
640
76
264
892
928
532
440
656
864
680
52
764
840
612
252
700
952
112
824
468
880
264
92
84
980
292
516
288
408
756
656
892
548
812
368
772
540
744
388
356
940
112
240
660
540
384
424
144
356
640
404
552
736
648
452
372
956
760
564
596
404
868
824
168
124
924
896
960
900
68
504
236
756
444
72
132
960
72
8
612
724
344
632
860
172
288
644
200
692
228
848
848
876
536
136
804
476
284
284
804
556
800
92
160
700
796
876
944
960
124
740
920
520
524
336
76
104
784
84
340
640
756
180
796
296
128
684
852
68
608
756
980
328
60
772
620
836
620
260
288
208
156
440
712
712
52
912
224
84
28
32
408
68
416
816
976
980
452
780
440
168
684
700
260
632
