300 111 222 500
253 267
50 174
17 238
202 298
278 298
129 92
295 205
210 132
246 76
136 99
143 200
61 158
295 209
161 34
296 169
107 163
143 266
80 280
83 53
172 102
291 232
39 58
17 291
36 107
88 204
273 299
196 220
290 261
206 127
124 207
110 241
114 171
139 95
121 45
167 35
27 295
117 236
164 139
245 191
51 160
224 148
86 218
273 40
48 286
197 86
224 221
45 69
236 16
226 135
243 88
143 12
280 253
145 296
219 297
193 16
92 234
154 248
63 112
109 278
62 226
236 69
96 277
268 140
79 117
275 232
157 2
173 261
195 185
156 190
8 16
194 270
81 56
256 7
64 203
177 209
250 232
145 39
109 198
52 250
4 132
232 215
120 176
210 181
230 224
238 46
118 226
201 57
165 298
49 205
51 151
155 298
105 282
149 166
279 300
213 68
154 284
48 208
174 123
106 277
54 125
131 267
171 286
17 99
258 177
279 67
22 194
258 212
279 115
220 238
234 192
221 263
134 198
232 189
190 274
178 5
27 213
259 1
155 261
116 148
256 247
8 39
1 227
236 58
246 129
279 24
114 15
294 261
55 119
58 286
68 80
130 116
264 103
218 44
20 268
148 270
258 161
49 86
159 260
7 231
225 133
274 104
298 221
151 232
281 104
201 221
204 177
251 35
33 275
50 143
150 72
284 71
241 224
51 272
174 159
130 219
247 300
31 122
177 25
97 172
265 261
99 52
52 202
6 181
119 75
150 214
21 126
193 243
213 184
273 145
98 27
89 18
209 151
25 196
158 212
91 67
111 294
204 153
108 142
111 201
300 28
15 126
42 118
16 275
21 212
240 155
254 90
167 57
5 261
186 246
199 293
121 217
281 168
253 140
99 202
111 8
280 22
24 110
192 272
29 172
162 46
159 154
228 251
212 264
95 134
96 132
207 116
25 102
98 62
159 131
104 25
109 137
82 216
11 17
6 274
182 121
66 28
126 185
168 250
177 47
277 167
268 21
185 292
66 193
112 45
119 119
35 26
168 190
219 215
113 4
226 19
29 30
235 228
241 155
41 297
136 184
249 166
212 253
265 77
38 76
146 211
16 93
111 148
138 200
148 16
130 65
80 202
126 90
59 234
1 190
171 218
147 39
144 39
237 122
120 197
48 89
136 136
213 285
190 285
235 268
20 216
246 277
262 26
120 132
4 299
299 240
180 266
192 108
225 266
222 155
7 51
104 33
133 242
155 78
218 101
90 266
248 223
80 118
217 249
263 30
40 9
262 153
158 297
295 56
122 13
194 228
33 245
92 99
153 257
240 15
200 167
36 122
244 253
287 220
51 11
124 270
206 244
12 32
200 272
170 10
240 171
137 192
204 128
29 178
211 84
277 90
292 135
12 5
91 23
65 291
185 214
280 285
138 71
162 182
66 3
100 79
233 133
255 260
148 178
20 151
178 42
237 121
260 57
191 53
49 215
245 19
151 102
232 102
46 162
229 106
74 38
270 297
276 219
263 155
64 44
190 151
36 16
165 195
64 259
153 293
17 215
151 169
142 148
197 288
202 35
249 276
254 172
230 94
220 172
21 265
80 231
11 281
14 43
139 83
128 230
245 229
194 276
181 201
8 50
97 148
271 188
253 162
25 1
158 124
299 115
146 63
34 100
210 11
50 119
291 256
244 256
186 35
76 122
252 160
284 15
299 201
38 86
279 285
43 116
261 168
241 108
267 29
263 164
92 222
270 91
214 262
279 1
295 208
157 252
87 32
245 40
277 85
253 209
15 155
20 29
72 71
264 48
25 144
255 209
282 153
289 64
160 120
180 57
162 188
241 66
194 37
54 300
89 245
181 67
41 113
284 275
268 35
240 185
52 150
167 168
11 90
128 74
282 96
137 275
136 32
273 29
299 171
88 298
290 247
291 212
113 264
236 98
113 182
22 214
229 151
201 160
55 293
133 60
178 180
4 170
33 73
284 182
154 123
122 57
19 192
101 97
21 5
300 130
245 276
71 17
131 273
100 281
219 289
53 229
201 63
141 250
286 284
37 186
116 260
79 60
162 283
49 55
241 82
71 29
270 96
70 11
26 220
144 147
170 71
95 211
93 165
25 262
20 121
63 162
126 235
250 91
23 61
294 29
223 82
67 69
224 123
240 218
94 65
230 41
279 157
172 242
56 137
10 258
121 203
113 217
248 247
52 73
37 6
8 234
167 154
213 226
145 279
41 154
196 40
152 59
95 61
139 30
176 99
293 234
263 177
237 47
