500 1 2 750
58 117
210 441
291 141
7 473
99 96
341 113
320 455
224 290
261 406
127 124
7 314
271 239
95 221
308 250
345 367
35 227
395 364
441 166
239 345
91 51
160 124
448 386
40 248
386 497
386 124
421 145
469 236
416 126
12 180
153 245
296 319
397 193
316 492
398 54
48 326
211 163
431 273
212 309
378 262
369 496
440 375
332 57
302 373
61 95
485 256
290 408
16 194
270 181
4 328
456 356
7 464
3 177
332 345
139 309
498 152
350 204
232 32
15 420
276 10
181 430
224 55
261 238
46 318
26 201
74 159
257 65
98 149
205 51
151 477
413 55
298 5
382 249
130 54
484 448
108 274
323 306
177 54
225 131
367 401
445 371
286 17
299 482
404 223
399 156
134 58
77 179
115 320
61 434
92 221
198 32
89 90
374 378
305 359
201 255
379 424
461 416
448 481
231 456
47 108
427 36
358 114
115 94
361 355
16 64
103 418
493 43
144 420
468 248
270 396
304 474
104 249
460 407
431 325
445 169
133 474
31 404
104 398
421 451
232 481
204 401
21 34
177 451
435 281
380 333
380 484
471 41
224 151
319 247
300 231
424 210
122 277
125 245
272 65
61 99
4 52
468 173
302 206
327 13
81 419
414 321
284 289
118 9
394 337
51 325
100 279
154 209
196 258
317 336
12 191
167 411
94 54
66 461
142 411
201 300
128 172
288 415
126 142
18 349
343 316
475 446
374 221
412 240
55 306
430 254
357 305
361 399
93 221
117 81
368 353
440 199
402 312
354 478
117 392
172 162
46 121
454 128
351 212
64 95
34 228
328 296
32 443
17 7
16 425
162 104
325 109
437 282
16 211
217 406
434 100
474 282
221 292
170 366
328 37
229 126
385 168
25 302
450 477
47 77
21 385
492 211
259 212
488 4
245 19
219 435
190 319
15 326
419 29
30 35
228 241
255 41
397 436
84 49
366 12
253 65
377 238
211 416
193 211
248 38
486 246
300 448
216 194
80 130
2 26
290 459
34 301
90 171
218 347
39 44
339 437
322 220
497 248
289 360
488 36
236 413
185 490
285 235
168 20
116 46
477 162
326 320
140 5
4 180
266 392
108 425
366 122
80 322
455 107
451 204
333 33
142 155
478 218
401 290
304 170
466 248
123 380
318 17
491 125
49 263
30 40
158 262
253 467
122 58
497 456
431 495
56 222
313 294
428 233
445 292
199 153
357 71
304 440
415 300
422 44
253 87
220 151
411 124
170 106
444 312
317 200
472 140
169 491
334 329
178 411
184 177
435 212
405 27
392 291
23 365
391 385
314 442
128 180
285 38
371 62
303 233
311 134
333 355
260 348
378 463
11 320
151 378
221 300
113 260
457 391
153 49
419 151
102 296
322 232
92 195
462 58
11 429
306 174
422 176
19 301
490 263
55 264
144 390
251 236
416 365
495 464
259 153
215 421
50 25
61 451
369 242
235 129
72 449
376 254
372 330
294 220
472 321
131 411
81 114
343 139
76 481
1 97
448 371
88 44
234 353
262 325
401 381
424 499
15 346
163 10
111 350
219 291
56 244
56 386
35 276
322 152
227 252
460 284
215 438
223 167
380 199
101 138
285 343
416 461
68 141
208 67
480 150
229 63
364 470
391 124
279 314
262 11
341 479
1 395
8 157
52 287
240 277
85 253
336 98
109 15
455 20
29 172
371 164
44 355
53 289
164 360
20 380
357 462
400 289
113 304
245 381
467 284
1 308
275 237
410 68
335 440
185 152
50 267
468 111
274 82
296 437
375 436
232 473
71 88
298 90
147 91
282 452
214 129
478 409
451 101
460 255
43 488
331 133
60 278
280 133
273 384
123 22
457 319
92 401
197 121
130 145
176 371
81 119
289 453
129 301
150 386
45 379
84 16
460 62
383 49
382 271
29 252
273 45
45 370
268 311
96 470
424 126
220 351
432 244
347 370
171 395
111 393
362 20
121 63
162 226
328 230
435 450
91 323
261 94
197 31
429 123
382 367
469 24
223 140
18 294
365 179
457 272
342 356
337 490
229 121
403 313
117 348
447 352
173 312
24 237
106 108
134 367
54 413
426 41
125 197
154 258
234 296
140 252
158 61
161 139
209 445
430 376
99 293
134 63
277 237
147 374
465 485
193 120
343 329
360 263
146 217
371 399
293 46
429 301
144 193
64 284
10 222
487 14
270 32
358 320
482 2
487 357
317 255
255 315
116 38
467 298
378 261
413 192
232 175
464 378
325 285
334 251
28 500
279 317
430 110
145 365
452 313
480 135
408 84
101 260
358 154
311 254
229 92
226 254
430 97
54 162
359 492
464 421
269 188
167 50
27 473
220 142
205 452
93 446
371 475
463 177
414 345
36 130
289 349
479 118
224 339
9 430
427 469
307 200
256 330
277 489
397 320
365 138
417 319
492 184
399 121
249 462
152 19
478 447
162 479
229 64
236 7
309 469
180 120
324 178
173 394
393 454
296 272
476 205
463 33
320 32
36 469
469 111
235 271
279 266
46 280
188 364
38 267
35 84
176 185
159 431
56 157
400 165
170 158
94 387
134 425
166 411
183 306
315 153
242 86
92 307
261 461
431 86
201 86
468 485
98 327
489 201
187 101
496 200
103 429
184 418
137 303
490 79
226 290
223 96
106 320
192 222
409 299
275 15
363 207
284 127
195 358
331 145
376 259
463 132
237 221
448 9
412 398
1 315
397 500
146 34
463 40
287 37
11 163
174 494
13 268
136 489
72 339
322 392
458 93
244 276
269 414
250 74
416 137
392 348
370 333
135 429
144 380
407 55
308 38
230 341
204 422
448 35
450 417
260 439
51 184
187 97
423 364
252 203
496 37
481 32
331 96
137 438
10 186
420 382
110 440
368 120
267 500
21 16
78 423
143 481
382 386
31 326
437 495
446 103
234 481
337 486
457 335
18 382
282 459
161 152
134 480
445 136
56 373
444 323
14 442
282 280
19 161
230 456
246 229
83 365
33 314
196 329
5 356
212 382
111 405
52 117
262 365
406 123
114 444
137 119
495 189
322 468
244 140
3 344
71 220
213 318
433 283
98 360
74 91
320 11
412 16
46 271
63 9
210 214
51 452
166 3
118 454
300 417
85 370
16 330
258 383
166 493
265 353
155 27
28 256
260 453
387 423
130 287
50 380
199 391
104 187
86 199
88 318
32 477
462 64
215 384
12 292
372 143
302 354
234 54
31 381
205 416
388 111
182 59
41 160
437 63
439 255
27 27
213 96
122 178
55 21
198 228
452 463
333 438
305 58
406 408
444 259
150 80
40 344
198 282
466 458
106 118
185 460
300 217
241 352
347 423
394 116
50 362
150 232
297 124
251 239
432 360
436 266
302 388
438 449
121 425
