656 1 9 999
473 204
417 346
499 271
275 263
230 211
61 144
574 528
329 632
78 255
208 483
274 417
607 425
56 520
495 517
35 552
520 479
312 210
185 58
419 54
611 55
119 173
325 447
179 580
451 597
647 247
296 432
228 218
162 345
148 368
514 457
342 608
293 545
481 536
540 490
399 299
252 72
617 45
576 387
397 29
280 384
610 414
614 258
180 610
187 319
644 369
482 314
626 152
269 492
569 352
560 179
84 29
382 137
609 575
121 508
110 112
253 12
448 402
530 417
640 328
579 617
451 372
79 261
69 242
316 613
62 492
434 164
548 612
479 476
616 170
325 442
309 578
634 566
310 601
145 349
646 249
377 511
255 345
549 75
510 489
590 205
282 371
186 426
76 32
288 246
651 450
617 422
57 567
79 217
174 137
603 588
323 313
526 598
225 603
219 270
256 7
234 398
400 633
171 474
390 32
445 302
586 430
489 239
321 391
508 457
195 468
403 516
519 161
607 76
490 346
275 298
17 147
595 142
154 66
632 276
151 550
452 316
627 386
104 132
502 260
264 26
560 309
178 91
372 255
651 385
333 414
289 575
432 561
108 429
377 54
123 300
117 135
383 397
296 633
207 14
223 26
436 183
456 56
467 297
4 51
76 334
175 387
540 351
134 137
333 533
463 401
201 583
288 501
200 80
242 150
153 595
475 546
126 121
226 397
392 5
623 45
156 90
144 523
43 155
434 474
94 321
439 348
161 332
558 143
97 96
392 44
12 131
124 223
226 158
538 18
350 293
579 332
199 438
142 125
264 456
111 122
66 494
398 47
53 649
117 219
281 201
149 141
100 553
540 539
102 540
281 588
144 529
592 606
198 577
17 39
526 444
615 32
156 603
84 572
300 515
317 543
116 381
58 266
614 624
136 472
613 573
9 42
392 367
243 116
486 630
273 632
1 408
482 253
114 122
100 129
169 614
465 184
222 509
59 124
265 505
456 427
123 308
265 207
247 495
402 523
391 514
439 605
550 51
520 169
491 333
285 600
44 433
626 372
309 201
532 102
503 656
641 295
76 558
617 644
148 336
52 542
284 26
413 428
434 399
546 201
642 615
498 367
655 8
483 577
282 296
209 528
557 8
644 428
405 502
201 231
184 470
201 566
306 580
624 264
91 335
144 245
160 360
238 320
540 621
135 563
393 38
219 648
177 25
606 439
410 170
525 42
186 60
183 216
70 477
449 475
214 160
85 448
434 346
449 226
249 459
110 174
565 188
388 478
19 55
68 638
36 121
421 312
535 481
489 563
400 480
486 458
211 56
79 572
642 412
385 407
600 463
315 608
296 160
512 329
617 140
300 544
59 429
356 234
242 433
290 299
212 201
50 652
35 584
9 291
444 551
507 581
91 149
14 258
536 404
537 282
591 250
454 166
331 645
69 143
442 143
611 44
254 589
401 236
145 232
261 567
425 609
535 183
342 208
22 550
370 202
279 473
582 318
530 441
74 438
329 24
334 484
503 333
122 199
315 376
167 504
467 368
559 420
623 597
229 37
107 381
392 45
436 246
411 169
444 249
4 166
368 466
102 8
624 37
229 520
551 347
305 322
399 187
159 413
429 634
456 373
524 171
184 320
318 517
310 169
641 621
423 350
143 638
115 242
275 523
636 594
359 324
362 608
491 244
652 272
491 6
472 515
469 98
478 52
286 615
413 39
541 277
500 233
636 229
164 127
329 355
284 562
27 464
71 562
114 531
89 83
241 563
38 493
12 281
408 338
616 411
88 129
100 153
161 269
541 363
207 332
149 96
435 536
156 201
80 567
617 54
121 609
420 8
472 530
103 521
300 228
141 214
76 301
421 329
211 460
187 461
622 264
347 324
229 356
414 371
236 655
502 440
14 350
112 273
243 412
520 317
565 439
527 316
58 82
231 643
112 53
216 465
86 464
383 538
194 510
510 25
644 627
543 329
512 651
361 235
643 633
456 602
308 41
73 448
31 442
85 555
392 613
133 153
401 592
586 201
152 407
129 328
185 379
529 125
577 81
479 137
446 626
313 265
520 452
564 623
131 486
360 258
223 577
327 145
166 419
301 28
441 286
236 470
647 77
452 414
460 163
520 108
391 206
431 548
591 611
169 357
466 480
357 155
521 74
78 174
251 334
619 379
501 110
297 259
254 127
21 112
179 384
478 634
149 619
534 377
613 340
438 124
293 106
513 209
625 132
43 516
449 4
172 121
574 616
234 411
646 601
358 248
129 371
442 596
535 245
226 403
125 261
279 578
153 29
641 72
259 513
444 87
210 69
8 605
52 176
269 433
451 7
573 474
273 61
460 496
225 346
106 286
87 434
106 212
414 316
287 249
297 383
456 218
615 418
142 337
453 192
616 335
64 142
85 305
42 31
440 440
150 538
561 245
196 365
172 567
120 432
433 628
647 162
324 266
186 294
386 388
346 417
458 166
283 260
49 568
271 193
436 250
477 600
413 366
107 65
70 419
414 497
412 76
348 514
553 425
291 82
172 191
117 546
399 337
271 576
576 70
141 177
185 372
201 50
33 415
636 124
415 369
453 138
618 363
582 327
229 392
452 547
253 569
512 600
428 494
265 431
625 330
451 606
352 496
604 365
158 482
131 161
244 620
100 221
325 99
629 256
347 631
27 314
518 496
68 528
448 532
334 391
71 380
404 601
532 333
200 497
286 239
90 77
624 387
563 336
530 15
435 406
315 165
546 610
74 579
360 335
217 121
257 20
231 302
569 250
596 613
341 385
7 309
248 552
159 429
48 190
113 459
355 372
254 16
548 562
441 629
215 539
132 378
459 429
568 283
487 236
609 33
325 321
20 397
493 243
124 278
529 395
505 112
323 444
235 166
575 105
548 382
11 327
286 174
364 461
236 295
582 236
302 209
214 157
504 288
385 286
80 205
516 4
50 433
23 17
88 64
523 111
480 202
260 502
392 587
190 409
48 147
551 336
246 77
35 524
558 405
468 363
200 545
111 17
613 512
399 496
233 610
618 470
456 622
75 501
490 160
372 600
323 88
169 196
578 307
183 269
282 150
543 86
85 83
442 347
386 417
638 499
566 353
273 332
410 415
377 228
612 273
84 539
86 554
462 628
447 345
137 544
480 378
331 145
554 177
526 491
378 144
653 95
195 637
592 312
231 296
495 220
533 518
557 183
2 612
290 599
484 587
640 360
115 399
302 399
291 257
144 604
70 310
551 40
618 223
450 554
132 269
561 638
3 560
377 454
396 378
618 331
458 231
331 323
585 457
531 639
236 180
204 457
203 79
426 75
446 568
543 155
604 415
172 460
162 215
528 373
70 412
103 592
277 315
113 267
256 194
536 344
568 335
447 637
8 647
490 631
499 138
382 393
425 100
176 449
33 427
139 59
207 23
145 540
94 474
22 87
303 501
62 504
36 471
509 186
5 442
456 195
220 352
642 42
246 258
54 134
617 196
597 596
631 187
398 104
386 594
178 400
325 524
617 357
515 463
454 364
80 352
560 50
266 340
470 589
193 529
263 200
304 126
575 350
376 123
128 506
45 334
458 130
427 33
507 200
301 527
119 612
437 54
326 638
362 200
441 249
30 143
530 414
124 538
544 159
162 250
392 526
275 235
95 186
167 479
598 100
252 488
628 160
86 423
283 36
447 653
320 212
591 86
611 461
230 104
57 467
531 419
652 275
311 215
287 634
19 305
553 64
422 539
535 193
237 517
298 57
116 136
517 593
326 298
338 618
571 292
58 350
348 144
585 541
266 626
564 233
587 110
193 312
623 57
277 259
282 406
265 54
477 125
101 547
157 311
240 610
431 346
80 308
411 47
238 238
583 361
291 523
467 188
570 606
550 460
354 601
575 216
123 9
222 271
92 415
635 383
199 168
124 22
14 636
263 279
349 280
104 312
18 115
67 31
65 269
392 515
29 634
133 28
155 301
485 336
164 286
543 603
319 384
331 444
357 324
329 35
421 498
407 254
278 273
113 398
594 258
125 27
65 461
104 109
237 400
37 46
502 98
118 484
402 528
344 527
41 66
158 632
164 346
130 85
346 514
94 87
53 250
128 333
612 641
528 438
375 325
537 258
75 587
598 294
335 184
469 220
298 623
264 649
157 173
616 36
578 152
176 289
1 111
78 268
194 459
364 103
33 108
208 290
59 222
493 183
431 83
297 185
442 67
291 206
176 89
31 292
510 534
515 448
524 28
56 76
85 585
215 254
149 616
377 580
501 400
41 146
175 236
106 572
500 465
437 275
570 310
233 149
320 480
291 561
444 344
389 173
188 26
50 462
476 343
174 356
400 121
257 549
70 481
141 370
502 218
584 105
87 175
208 7
62 227
510 470
522 487
290 80
526 347
293 289
169 390
590 320
278 596
515 329
522 317
167 304
300 600
347 58
264 167
524 517
382 494
633 643
587 504
414 355
567 502
614 304
129 246
111 342
631 223
135 125
283 220
128 509
374 604
448 281
146 77
235 639
20 169
125 340
59 412
195 504
530 652
212 371
